PORO
   1.05039999E-01   6.91199973E-02   7.10610002E-02   1.22207999E-01
   1.23365998E-01   1.42865002E-01   1.76844001E-01   1.92975000E-01
   1.58959001E-01   1.60324007E-01   1.69020995E-01   1.17613003E-01
   1.64952993E-01   1.26569003E-01   1.39197007E-01   1.36848003E-01
   4.59109992E-02   1.12502001E-01   8.80739987E-02   1.03910998E-01
   1.31026998E-01   9.72739980E-02   1.29883006E-01   1.17475003E-01
   1.19690001E-01   1.04681998E-01   1.35909006E-01   1.48938000E-01
   1.71259001E-01   1.81207001E-01   1.95283994E-01   2.02331007E-01
   1.75380006E-01   1.52548000E-01   9.19350013E-02   8.95290002E-02
   7.99050033E-02   1.26518995E-01   1.16626002E-01   1.34441003E-01
   1.65934995E-01   2.14319006E-01   2.06716999E-01   2.24923998E-01
   2.61198014E-01   2.29052007E-01   2.45057002E-01   2.54613012E-01
   2.37642005E-01   2.06688002E-01   1.81155995E-01   2.04853997E-01
   2.06224993E-01   1.99652001E-01   2.05835000E-01   1.81687996E-01
   2.00022995E-01   1.78983003E-01   1.91841006E-01   2.07567006E-01
   9.59829986E-02   8.88210014E-02   7.96959996E-02   9.47239995E-02
   1.30531996E-01   1.43094003E-01   2.08362997E-01   1.98814005E-01
   1.85469002E-01   1.99516997E-01   1.99478999E-01   1.75502002E-01
   1.99895993E-01   2.08967999E-01   1.69340998E-01   1.82392001E-01
   7.85169974E-02   1.04227997E-01   9.18669999E-02   9.26600024E-02
   1.29374996E-01   1.27305999E-01   1.07069001E-01   1.02996998E-01
   1.09149002E-01   1.06449001E-01   1.90761000E-01   2.03060001E-01
   2.11320996E-01   1.55656993E-01   1.61009997E-01   1.76010996E-01
   1.71991006E-01   1.64921999E-01   1.34602994E-01   1.29126996E-01
   1.09954998E-01   7.79059976E-02   1.40748993E-01   1.63804993E-01
   1.21675000E-01   1.78715006E-01   1.76706001E-01   2.71800995E-01
   2.64656991E-01   2.53138989E-01   2.36068994E-01   2.28235006E-01
   2.24794000E-01   2.06668004E-01   2.10139006E-01   1.76843002E-01
   1.81816995E-01   1.69838995E-01   1.95460007E-01   2.10375994E-01
   2.03897998E-01   2.03555003E-01   1.58098996E-01   1.79456994E-01
   9.91820022E-02   9.58900005E-02   1.19028002E-01   1.04254998E-01
   1.26811996E-01   1.50802001E-01   1.80416003E-01   2.01391995E-01
   2.52112001E-01   1.92640007E-01   2.24499002E-01   2.52905011E-01
   2.70705998E-01   1.84171006E-01   1.90804005E-01   8.37740004E-02
   9.17159989E-02   6.91630021E-02   4.64180000E-02   8.66750032E-02
   1.02860004E-01   1.17039002E-01   9.06300023E-02   8.66310000E-02
   9.90279987E-02   1.39379993E-01   1.72133997E-01   1.90863997E-01
   1.81854993E-01   1.60292000E-01   1.51113003E-01   1.78948000E-01
   1.97632998E-01   1.58475995E-01   1.61366999E-01   1.27064005E-01
   1.06360003E-01   1.04924999E-01   1.71853006E-01   2.07936004E-01
   1.79067001E-01   1.64762005E-01   2.29160994E-01   2.60652006E-01
   2.19429001E-01   2.73274004E-01   2.34158993E-01   1.79213002E-01
   2.34084994E-01   2.85596013E-01   2.15516001E-01   1.92355007E-01
   1.96027994E-01   1.85678005E-01   1.65677994E-01   1.85894996E-01
   1.96924001E-01   1.69945002E-01   1.51369005E-01   1.30961999E-01
   3.66269983E-02   6.31520003E-02   1.01663999E-01   1.57490000E-01
   1.33626997E-01   2.03611001E-01   1.79178998E-01   2.19729006E-01
   2.55201995E-01   2.16534004E-01   2.28487000E-01   2.65388012E-01
   2.17593998E-01   2.32963994E-01   2.11296007E-01   1.38852999E-01
   1.53336003E-01   1.27561003E-01   7.52220005E-02   7.09730014E-02
   9.07739997E-02   8.35319981E-02   8.01159963E-02   1.36084005E-01
   1.47176996E-01   1.34342000E-01   1.76989004E-01   1.42161995E-01
   1.68263003E-01   1.49883002E-01   1.92883998E-01   2.14251995E-01
   2.39935994E-01   2.19109997E-01   1.46647006E-01   1.37756005E-01
   1.52294993E-01   1.43263996E-01   1.43674001E-01   1.39642000E-01
   1.55600995E-01   1.80822000E-01   2.27904007E-01   2.16114998E-01
   2.62638986E-01   2.80200005E-01   2.27612004E-01   1.86656997E-01
   1.83100000E-01   2.72760987E-01   2.66882986E-01   2.44066000E-01
   2.18024001E-01   2.01605007E-01   1.75649002E-01   2.27770001E-01
   1.95170000E-01   1.93165004E-01   1.77991003E-01   1.85913995E-01
   6.44470006E-02   9.67799965E-03   5.59620000E-02   1.21449001E-01
   1.46007001E-01   2.36237004E-01   2.57645011E-01   2.52916992E-01
   2.45212004E-01   2.21873000E-01   1.95889995E-01   2.28719994E-01
   2.19693005E-01   2.42494002E-01   2.11391002E-01   1.34682000E-01
   1.52392000E-01   1.91015005E-01   1.33953005E-01   1.35646999E-01
   1.18836999E-01   1.60781994E-01   1.79719999E-01   1.82255998E-01
   1.65592000E-01   1.67983994E-01   1.91401005E-01   1.91612005E-01
   1.42694995E-01   1.56544000E-01   2.14635998E-01   1.95620000E-01
   2.06366003E-01   1.65040001E-01   1.35786995E-01   1.33622006E-01
   1.92956001E-01   2.13671997E-01   2.17886999E-01   1.53605998E-01
   1.61497995E-01   1.57195002E-01   2.65543997E-01   2.44684994E-01
   2.27543995E-01   2.32273996E-01   2.10785002E-01   1.87797993E-01
   1.73135996E-01   2.29034007E-01   2.68869996E-01   2.46976003E-01
   2.40468994E-01   1.85470998E-01   2.07850993E-01   1.85348004E-01
   1.70963004E-01   1.69100001E-01   1.45037994E-01   1.85861006E-01
   2.84860004E-02   3.40350010E-02   8.55740011E-02   1.16595000E-01
   1.83657005E-01   2.11059004E-01   2.75947005E-01   2.69250989E-01
   2.81017005E-01   2.68056989E-01   2.06072003E-01   1.77331001E-01
   2.08041996E-01   1.87465996E-01   2.38442004E-01   1.70983002E-01
   1.75016001E-01   1.46302000E-01   1.72448993E-01   1.90320998E-01
   1.84603006E-01   1.72279999E-01   1.82863995E-01   2.39463001E-01
   1.94058001E-01   1.97635993E-01   2.49926001E-01   2.02644005E-01
   1.60862997E-01   1.52462006E-01   1.92976996E-01   1.73244998E-01
   1.65520996E-01   2.26962000E-01   1.44220993E-01   1.61207005E-01
   1.88887000E-01   1.85489997E-01   1.95296004E-01   1.75799996E-01
   1.52391002E-01   1.66902006E-01   2.26741999E-01   2.59335995E-01
   2.18867004E-01   2.28331000E-01   2.20345005E-01   1.55470997E-01
   1.94113001E-01   1.82932004E-01   1.95042998E-01   2.12731004E-01
   2.45302007E-01   2.24694997E-01   2.49766007E-01   2.12313995E-01
   1.90188006E-01   1.99973002E-01   1.86003998E-01   1.83930993E-01
   1.04625002E-01   1.36135995E-01   9.82479975E-02   1.42490998E-01
   1.64946005E-01   1.96055993E-01   2.38152996E-01   2.74111003E-01
   2.55389005E-01   2.38710001E-01   2.09768996E-01   1.82754993E-01
   2.07664996E-01   1.86699003E-01   2.38922000E-01   1.92414999E-01
   1.88005000E-01   1.26812994E-01   1.47585005E-01   2.15746999E-01
   2.02768996E-01   2.01083004E-01   2.15370998E-01   2.31166005E-01
   2.23423004E-01   2.27189004E-01   2.44627997E-01   2.13382006E-01
   1.99685007E-01   1.98406994E-01   1.84508994E-01   1.94787994E-01
   1.58149004E-01   1.42881006E-01   1.36829004E-01   1.60577998E-01
   1.93751007E-01   1.92075998E-01   2.11120993E-01   1.82879999E-01
   1.90654993E-01   1.62933007E-01   1.85552999E-01   2.31436998E-01
   2.59014994E-01   2.48629004E-01   2.32132003E-01   1.77224994E-01
   2.00379997E-01   1.70948997E-01   1.57717004E-01   1.75256997E-01
   1.78562000E-01   2.21145004E-01   2.29730994E-01   2.12018996E-01
   1.28776997E-01   1.84349000E-01   2.10896000E-01   1.51618004E-01
   1.50094002E-01   1.48126006E-01   1.61920995E-01   2.06331000E-01
   2.02245995E-01   2.13232994E-01   2.58383006E-01   2.56433010E-01
   2.48200998E-01   2.44097993E-01   2.12862998E-01   2.16457993E-01
   1.80821002E-01   1.72587007E-01   2.31855005E-01   2.04622999E-01
   1.73078001E-01   1.94883004E-01   1.85371995E-01   2.51967996E-01
   2.01022997E-01   1.89523995E-01   2.14717999E-01   2.34227002E-01
   2.67630994E-01   2.70397007E-01   2.82216012E-01   2.16760993E-01
   2.58969992E-01   1.93590000E-01   2.61400014E-01   1.84828997E-01
   1.61298007E-01   1.67927995E-01   2.21980006E-01   2.11197004E-01
   2.26465002E-01   1.99660003E-01   1.93947002E-01   2.10098997E-01
   1.90354005E-01   1.89235002E-01   1.90016001E-01   2.09873006E-01
   2.56983995E-01   2.32047006E-01   2.57874012E-01   1.98629007E-01
   1.93465993E-01   1.63703993E-01   1.38114005E-01   1.71685994E-01
   2.12204993E-01   2.36337006E-01   2.12616995E-01   1.77275002E-01
   1.81583002E-01   2.16909006E-01   2.16878995E-01   1.41560003E-01
   1.38280004E-01   2.17307001E-01   1.95427999E-01   2.02733994E-01
   2.29883000E-01   2.69468993E-01   2.97845006E-01   2.63395995E-01
   2.65071005E-01   2.12605000E-01   1.91585004E-01   1.64736003E-01
   2.05615997E-01   1.97350994E-01   1.93809003E-01   2.08820999E-01
   2.19493002E-01   2.11159006E-01   2.12951005E-01   1.77901998E-01
   1.72548994E-01   1.40088007E-01   2.04682007E-01   1.55313998E-01
   2.26238996E-01   2.13975996E-01   2.27687001E-01   2.13159993E-01
   2.46808007E-01   2.04875007E-01   2.36597002E-01   2.08397001E-01
   1.85416996E-01   1.88547999E-01   2.30140001E-01   2.13388994E-01
   2.18748003E-01   1.92445993E-01   1.77250996E-01   1.65898994E-01
   1.63748994E-01   1.95352003E-01   2.33925998E-01   2.28637993E-01
   2.67628998E-01   2.60944009E-01   2.72159010E-01   2.11098000E-01
   2.26379007E-01   1.71473995E-01   1.67717993E-01   1.99478999E-01
   2.32916996E-01   2.54518986E-01   2.73907006E-01   2.06092998E-01
   1.99836001E-01   1.86846003E-01   1.85536996E-01   1.55402005E-01
   1.67422995E-01   1.92044005E-01   2.11355999E-01   2.57764012E-01
   2.40078002E-01   2.81623006E-01   3.34760010E-01   2.84743011E-01
   2.61570990E-01   2.12687999E-01   1.86251000E-01   1.48402005E-01
   1.84181005E-01   1.71009004E-01   2.22237006E-01   1.95083007E-01
   2.07233995E-01   2.11960003E-01   1.99208006E-01   1.64060995E-01
   1.60529003E-01   1.41778007E-01   1.87953994E-01   2.04236999E-01
   1.77935004E-01   1.89772993E-01   2.06680998E-01   2.04547003E-01
   1.71688005E-01   1.98027000E-01   2.32969001E-01   2.23712996E-01
   1.99551001E-01   2.00013995E-01   2.00791001E-01   2.11881995E-01
   2.22509995E-01   2.22679004E-01   1.73161000E-01   1.87987000E-01
   1.46961004E-01   2.11202994E-01   2.39104003E-01   2.33307004E-01
   2.07989007E-01   2.03336999E-01   2.41953000E-01   2.90863007E-01
   2.60096014E-01   2.01309994E-01   1.94997996E-01   1.63610995E-01
   2.38369003E-01   2.20192000E-01   1.81603998E-01   1.78072006E-01
   1.79397002E-01   2.33704001E-01   2.11601004E-01   2.09740996E-01
   1.67383000E-01   1.85712993E-01   1.81704998E-01   2.35828996E-01
   2.64458001E-01   2.99742997E-01   2.92540014E-01   2.81347007E-01
   3.14958990E-01   2.65872985E-01   1.78693995E-01   1.75430000E-01
   1.87211007E-01   2.19413996E-01   1.58286005E-01   1.51042998E-01
   1.55092999E-01   1.09454997E-01   1.50270998E-01   1.48704007E-01
   1.65408000E-01   2.08392993E-01   1.95687994E-01   1.86553001E-01
   1.56838000E-01   1.87932000E-01   1.83267996E-01   1.70783997E-01
   1.99305996E-01   2.27249995E-01   2.37846002E-01   2.54646003E-01
   2.50802010E-01   2.21460998E-01   2.34506994E-01   2.02453002E-01
   2.43805006E-01   2.50207007E-01   2.16369003E-01   2.52705008E-01
   2.46315002E-01   2.42744997E-01   2.58477986E-01   2.39783004E-01
   1.91778004E-01   1.95926994E-01   2.69910008E-01   2.61770993E-01
   2.53695995E-01   2.75918990E-01   2.11992994E-01   1.79940000E-01
   2.24187002E-01   2.22492993E-01   2.10376993E-01   1.38955995E-01
   1.38209000E-01   1.93002999E-01   1.78007007E-01   1.81241006E-01
   1.30868003E-01   2.05614001E-01   2.06230998E-01   2.09937006E-01
   2.63076007E-01   2.80927986E-01   3.08948010E-01   2.93913990E-01
   2.77967006E-01   2.59140015E-01   1.98912993E-01   1.92667007E-01
   2.00359002E-01   1.64032996E-01   1.77569002E-01   1.67151004E-01
   1.67116001E-01   1.22878000E-01   9.04150009E-02   1.40499994E-01
   1.14827998E-01   1.29519001E-01   1.34680003E-01   1.34174004E-01
   1.48277000E-01   1.89280003E-01   1.89412996E-01   1.61734000E-01
   2.08955005E-01   2.42715001E-01   2.40794003E-01   2.67771989E-01
   2.34568000E-01   2.42489994E-01   2.72554994E-01   2.63200998E-01
   2.62867004E-01   2.89088994E-01   2.76163012E-01   2.19775006E-01
   2.55221009E-01   2.82049000E-01   2.58078009E-01   2.49698997E-01
   2.49135002E-01   2.22908005E-01   2.40379006E-01   2.90520012E-01
   2.61617988E-01   2.73532003E-01   2.41707996E-01   2.37665996E-01
   2.05375999E-01   1.79095998E-01   1.19336002E-01   1.66054994E-01
   1.62141994E-01   2.25700006E-01   2.23427996E-01   1.96246997E-01
   1.15566999E-01   1.52880996E-01   1.99303001E-01   2.01600000E-01
   2.32703000E-01   2.78118014E-01   2.93350995E-01   2.64705986E-01
   2.59415001E-01   2.39638001E-01   2.19628006E-01   1.97266996E-01
   2.02929005E-01   1.66884005E-01   1.82916999E-01   1.62120998E-01
   1.27767995E-01   1.26573995E-01   1.22414000E-01   1.51308998E-01
   1.22123003E-01   1.15111999E-01   1.03134997E-01   1.02031000E-01
   1.44877002E-01   1.98658004E-01   1.86473995E-01   1.50583997E-01
   1.99618995E-01   1.97306007E-01   2.26211995E-01   2.44883001E-01
   2.48670995E-01   2.56020993E-01   2.69921005E-01   2.80644000E-01
   2.46576995E-01   3.10113996E-01   2.59126008E-01   2.41931006E-01
   2.23313004E-01   2.30097994E-01   2.69046009E-01   2.94815004E-01
   2.58911997E-01   2.70929009E-01   2.71016002E-01   2.75032997E-01
   2.67040998E-01   2.61373997E-01   2.49567002E-01   2.00797006E-01
   1.81309000E-01   1.35768995E-01   1.53861001E-01   1.46322995E-01
   1.34513006E-01   1.45917997E-01   2.02223003E-01   2.08074003E-01
   1.95720002E-01   1.38350993E-01   2.02414006E-01   2.12999001E-01
   2.37854004E-01   2.83344001E-01   2.34080002E-01   2.30361998E-01
   2.16202006E-01   2.22537994E-01   1.95299998E-01   1.42850995E-01
   1.11250997E-01   1.22599997E-01   1.50242999E-01   1.55258000E-01
   1.49158999E-01   8.40070024E-02   8.75300020E-02   1.05770998E-01
   9.74600017E-02   7.83580020E-02   8.32490027E-02   1.41922995E-01
   1.87196001E-01   2.23192006E-01   1.73078001E-01   1.28058001E-01
   1.98147997E-01   1.66251004E-01   2.34764993E-01   2.71311998E-01
   2.65682995E-01   3.00704986E-01   2.93633997E-01   2.72161007E-01
   2.33565003E-01   2.20769003E-01   2.32820004E-01   2.19574004E-01
   2.74443001E-01   2.57634997E-01   2.83699989E-01   2.84399986E-01
   3.07094008E-01   2.75723994E-01   3.60789001E-01   3.20055008E-01
   2.50155985E-01   2.66730994E-01   2.57826000E-01   1.97831005E-01
   1.93832994E-01   1.33938000E-01   1.56332001E-01   1.39774993E-01
   1.47936001E-01   1.50520995E-01   1.31570995E-01   1.52090997E-01
   1.50638998E-01   1.59256995E-01   1.69260994E-01   1.94216996E-01
   2.34502003E-01   2.36376002E-01   2.69347012E-01   1.80830002E-01
   2.14506000E-01   2.00762004E-01   1.75680995E-01   1.78380996E-01
   2.05751002E-01   1.97908998E-01   1.50527999E-01   1.29986003E-01
   1.00474000E-01   7.88609982E-02   8.41820017E-02   1.25259995E-01
   1.19335003E-01   1.25080004E-01   8.82420018E-02   1.20563000E-01
   1.17192000E-01   2.09505007E-01   1.91088006E-01   1.75169006E-01
   2.00231999E-01   2.10611999E-01   2.13370994E-01   2.28065997E-01
   2.03924999E-01   2.65213013E-01   2.60636985E-01   2.28805006E-01
   2.23590001E-01   2.12151006E-01   1.93837002E-01   2.37316996E-01
   2.33081996E-01   2.50862986E-01   2.99989015E-01   3.37895989E-01
   2.82220989E-01   2.81910002E-01   3.25836003E-01   3.09682012E-01
   2.91830987E-01   2.27128997E-01   1.97583005E-01   2.02037007E-01
   1.79426000E-01   1.64480001E-01   1.59376994E-01   1.23977996E-01
   1.53184995E-01   1.29773006E-01   1.91244006E-01   1.62113994E-01
   9.73170027E-02   1.22042000E-01   1.40146002E-01   2.07101002E-01
   1.90110996E-01   1.74002007E-01   2.10795999E-01   1.95103005E-01
   1.85742006E-01   1.66834995E-01   1.53413996E-01   1.84521005E-01
   1.91484004E-01   1.93459004E-01   1.97404996E-01   1.56725004E-01
   1.13914996E-01   1.21025003E-01   1.33285999E-01   1.21362999E-01
   1.19700998E-01   6.54240027E-02   1.13379002E-01   1.39467999E-01
   1.86875001E-01   1.65880993E-01   1.67943999E-01   1.85975000E-01
   2.16572002E-01   1.70643002E-01   1.86223000E-01   1.91791996E-01
   1.76630005E-01   2.48451993E-01   2.02994004E-01   2.14655995E-01
   2.14058995E-01   2.45684996E-01   2.24646002E-01   2.14343995E-01
   2.34366998E-01   2.34125003E-01   2.79231995E-01   3.00675005E-01
   3.05712998E-01   3.14231008E-01   3.20879012E-01   3.04868013E-01
   2.73097008E-01   2.42972001E-01   2.25512996E-01   2.09149003E-01
   2.01615006E-01   1.55541003E-01   1.35326996E-01   1.72969997E-01
   1.63967997E-01   1.26867995E-01   1.52825996E-01   1.56414002E-01
   8.39179978E-02   1.29851997E-01   1.61844000E-01   2.25770995E-01
   2.17516005E-01   1.75955996E-01   2.22790003E-01   2.13284001E-01
   1.95637003E-01   1.75909996E-01   1.39974996E-01   1.75522000E-01
   2.02807993E-01   2.13195994E-01   1.61866993E-01   1.35409996E-01
   1.14262000E-01   9.38749984E-02   8.52620006E-02   1.22878000E-01
   1.13780998E-01   1.38504997E-01   1.26699001E-01   1.63151994E-01
   1.67459995E-01   1.80673003E-01   1.57820001E-01   2.48508006E-01
   1.70686007E-01   1.96585998E-01   2.69836992E-01   2.19887003E-01
   2.07742006E-01   2.69809008E-01   2.12521002E-01   2.04774007E-01
   2.33115003E-01   2.11494997E-01   1.97641000E-01   1.96323007E-01
   2.51199991E-01   2.42327005E-01   2.88163990E-01   3.32771003E-01
   2.95332015E-01   2.83721000E-01   2.51655996E-01   2.56056011E-01
   2.09443003E-01   2.34235004E-01   2.19655007E-01   2.03549996E-01
   1.99577004E-01   1.74676999E-01   1.80151999E-01   1.85530007E-01
   2.09729999E-01   1.90295994E-01   1.31134003E-01   1.48077995E-01
   9.12609994E-02   1.45515993E-01   2.10220993E-01   2.13727996E-01
   2.60529995E-01   2.37037003E-01   2.11083993E-01   2.18336001E-01
   1.91240996E-01   1.51874006E-01   1.55546993E-01   1.86735004E-01
   1.51677996E-01   1.55028000E-01   1.63475007E-01   1.21806003E-01
   1.25360996E-01   1.44116998E-01   1.48362994E-01   1.63787007E-01
   1.58142999E-01   1.67689994E-01   1.84276000E-01   1.71645001E-01
   1.78723007E-01   1.77549005E-01   2.14495003E-01   2.64450997E-01
   2.49143004E-01   1.96756005E-01   2.62802005E-01   2.43771002E-01
   2.25409999E-01   2.49987006E-01   1.99025005E-01   2.54123986E-01
   2.25667000E-01   2.54417002E-01   2.61626989E-01   2.63516992E-01
   2.26572007E-01   2.31142998E-01   2.70092010E-01   3.01804006E-01
   2.76481986E-01   2.44553000E-01   2.15959996E-01   1.81550995E-01
   2.02644005E-01   2.42635995E-01   2.27768004E-01   2.09462002E-01
   1.90073997E-01   1.65891007E-01   1.93866998E-01   2.24338993E-01
   1.74127996E-01   1.53071001E-01   1.39789999E-01   1.47124007E-01
   1.06866002E-01   1.57473996E-01   1.91154003E-01   2.39338994E-01
   2.32112005E-01   2.34284997E-01   2.09718004E-01   2.25903004E-01
   1.59522995E-01   1.78183004E-01   1.65270001E-01   1.61463007E-01
   1.61912993E-01   1.43291995E-01   1.74251005E-01   1.62919000E-01
   1.75597996E-01   1.67064995E-01   1.82161003E-01   1.84823006E-01
   1.72666997E-01   1.79337993E-01   1.55851007E-01   1.81795999E-01
   1.80923998E-01   1.95510000E-01   2.30932996E-01   2.81675994E-01
   2.95751005E-01   2.63568014E-01   2.38526002E-01   2.68085986E-01
   2.23351002E-01   2.35773996E-01   2.04638004E-01   2.72899002E-01
   2.79756010E-01   2.35660002E-01   2.42906004E-01   2.48521999E-01
   2.23580003E-01   2.42787004E-01   2.68359005E-01   2.73728013E-01
   2.69232988E-01   2.31968999E-01   1.88765004E-01   1.89847007E-01
   2.28738993E-01   2.11677998E-01   2.43327007E-01   2.38622993E-01
   1.76302999E-01   1.23083003E-01   2.11321995E-01   2.13232994E-01
   1.82844996E-01   1.54684007E-01   1.53625995E-01   1.46608993E-01
   1.14356004E-01   2.07220003E-01   2.06333995E-01   2.22902998E-01
   2.37299994E-01   2.26639003E-01   2.13644996E-01   1.96336001E-01
   1.45288005E-01   1.68715000E-01   2.04497993E-01   1.85707003E-01
   1.35000005E-01   2.10362002E-01   1.73469007E-01   9.96949971E-02
   1.67458996E-01   1.41700998E-01   1.68657005E-01   1.67995006E-01
   1.84184000E-01   2.01611996E-01   1.99147001E-01   2.21551999E-01
   1.79064006E-01   2.27391005E-01   2.50894994E-01   2.10922003E-01
   2.15145007E-01   2.61795014E-01   2.57506013E-01   2.40354002E-01
   2.01147005E-01   2.04363003E-01   2.39708006E-01   2.64672995E-01
   2.58866012E-01   2.42432997E-01   2.63365000E-01   2.57221997E-01
   2.46888995E-01   2.97569990E-01   2.81735003E-01   2.81587005E-01
   2.73027986E-01   2.56583989E-01   2.48113006E-01   2.28287995E-01
   2.72516012E-01   2.46786997E-01   2.43586004E-01   2.41860002E-01
   1.73203006E-01   1.68210000E-01   2.13301003E-01   2.34851003E-01
   2.01307997E-01   1.64182007E-01   1.56350002E-01   1.90191999E-01
   1.07175000E-01   1.60620004E-01   1.37391001E-01   1.65115997E-01
   1.35373995E-01   1.63680002E-01   1.82555005E-01   1.62508994E-01
   1.56852007E-01   1.96094006E-01   1.58963993E-01   1.78349003E-01
   1.39425993E-01   1.87737003E-01   1.99270993E-01   1.76271006E-01
   1.62579998E-01   2.13017002E-01   1.79928005E-01   1.48427993E-01
   2.22475007E-01   2.09207997E-01   1.86822996E-01   2.08241001E-01
   2.32840002E-01   2.62111008E-01   2.61675000E-01   2.78571010E-01
   2.49834001E-01   2.46007994E-01   2.95399010E-01   2.55239010E-01
   1.95014998E-01   2.36585006E-01   2.32019007E-01   2.55905986E-01
   2.35208005E-01   2.52404988E-01   2.70700008E-01   3.10900003E-01
   2.76446015E-01   2.78735995E-01   2.80589014E-01   2.67084002E-01
   2.80128002E-01   3.00803006E-01   2.95462012E-01   2.65480995E-01
   2.44689003E-01   2.77112991E-01   2.14025006E-01   2.72509009E-01
   2.02592000E-01   1.77009001E-01   1.74838006E-01   1.89912006E-01
   1.78532004E-01   2.21304998E-01   2.12518007E-01   2.63339013E-01
   1.14169002E-01   1.59412995E-01   1.54936001E-01   1.29740998E-01
   1.35323003E-01   1.66509002E-01   1.39507994E-01   1.38477996E-01
   1.37196004E-01   1.87059000E-01   1.68972000E-01   1.70178995E-01
   1.90366000E-01   1.82686999E-01   1.66982993E-01   1.78871006E-01
   1.78278998E-01   1.56188995E-01   1.28222004E-01   1.65295005E-01
   1.94184005E-01   2.23385006E-01   2.04878002E-01   2.01471001E-01
   2.11196005E-01   3.12467992E-01   2.61875004E-01   2.72834003E-01
   2.80582011E-01   2.61682004E-01   2.53625005E-01   2.44348004E-01
   2.44637996E-01   2.33474001E-01   2.30327994E-01   2.38985002E-01
   2.79100001E-01   2.31851995E-01   2.65397996E-01   3.04814011E-01
   3.17425996E-01   2.78403997E-01   2.75011003E-01   2.46251002E-01
   2.63341993E-01   2.56705999E-01   2.59332001E-01   2.31359005E-01
   2.65204012E-01   2.05265000E-01   1.74043000E-01   2.18293995E-01
   1.86138004E-01   1.89392000E-01   1.85635999E-01   2.15698004E-01
   2.47654006E-01   2.60684013E-01   2.60540992E-01   2.81004995E-01
   1.85067996E-01   2.05815002E-01   1.92160994E-01   2.19904006E-01
   2.16839999E-01   1.47939995E-01   1.64996997E-01   1.94262996E-01
   1.69669002E-01   1.51368007E-01   1.88934997E-01   2.27667004E-01
   2.18680993E-01   2.12097004E-01   1.65650994E-01   2.33863994E-01
   2.16865003E-01   1.93465993E-01   2.11520001E-01   2.22306997E-01
   2.28764996E-01   2.06847996E-01   2.08621994E-01   2.42203996E-01
   2.37277001E-01   2.65803009E-01   2.85153002E-01   2.61920989E-01
   2.71052986E-01   2.23034993E-01   2.10476995E-01   2.50892013E-01
   2.31758997E-01   2.79473007E-01   2.35460997E-01   2.89263010E-01
   2.69542009E-01   2.75721997E-01   2.68839002E-01   2.95444995E-01
   2.82211989E-01   3.10763001E-01   2.34387994E-01   2.49652997E-01
   2.36950994E-01   2.07782999E-01   2.43803993E-01   2.40352005E-01
   2.58881003E-01   2.18410999E-01   2.71874011E-01   2.38144994E-01
   2.29944006E-01   1.98460996E-01   1.65298000E-01   2.30931997E-01
   2.34858006E-01   2.36635000E-01   2.63448000E-01   2.51861989E-01
   2.27465004E-01   2.53403008E-01   2.28934005E-01   2.22597003E-01
   1.89193994E-01   2.12830007E-01   1.82128996E-01   1.51062995E-01
   1.67693004E-01   1.77433997E-01   1.75492004E-01   2.11171001E-01
   2.24610999E-01   2.13317007E-01   1.72114998E-01   2.24142998E-01
   2.14617997E-01   2.36026004E-01   3.00137997E-01   2.43360996E-01
   2.36315995E-01   2.51543999E-01   2.14466006E-01   2.34611005E-01
   2.55650014E-01   2.52820998E-01   3.00393999E-01   2.91889995E-01
   2.85180002E-01   2.27810994E-01   2.22994998E-01   1.80313006E-01
   2.25311995E-01   3.11686993E-01   3.17966014E-01   3.01109999E-01
   3.24027002E-01   3.21249008E-01   2.74969012E-01   2.69309998E-01
   2.69820988E-01   3.00731003E-01   2.54777014E-01   2.76338995E-01
   2.61512011E-01   2.32359007E-01   2.61386007E-01   2.39923000E-01
   2.41899997E-01   2.25097001E-01   2.58745015E-01   2.34153003E-01
   1.67573005E-01   2.26399004E-01   2.27826998E-01   2.13021994E-01
   2.42679998E-01   2.64308006E-01   2.48420000E-01   2.76623011E-01
   2.66407013E-01   1.90807000E-01   2.16350004E-01   2.43854001E-01
   2.14872003E-01   2.20781997E-01   1.78544998E-01   1.42600000E-01
   1.71776995E-01   2.31739998E-01   2.27717996E-01   2.19701007E-01
   2.18826994E-01   2.05767006E-01   2.18311995E-01   2.32121006E-01
   2.46847004E-01   2.81111002E-01   2.63437003E-01   2.32181996E-01
   2.30054006E-01   2.35202000E-01   2.42835999E-01   1.98102996E-01
   2.17227995E-01   2.19589993E-01   2.21764997E-01   2.60634989E-01
   2.90113986E-01   2.85445988E-01   3.19501996E-01   2.16915995E-01
   2.58264989E-01   3.01086992E-01   3.13062012E-01   3.09222013E-01
   3.21763009E-01   2.74031013E-01   2.73851007E-01   2.86700994E-01
   3.14507991E-01   2.31803998E-01   3.04823011E-01   2.71369010E-01
   2.54999995E-01   2.05412000E-01   2.71156996E-01   2.66335011E-01
   2.96961010E-01   2.80887008E-01   1.97784007E-01   2.15893000E-01
   1.84175998E-01   1.53659999E-01   2.04484001E-01   2.03915998E-01
   2.10288003E-01   2.10016996E-01   2.12981999E-01   2.53154010E-01
   2.18585998E-01   2.34367996E-01   2.67883003E-01   2.43811995E-01
   2.29342997E-01   2.20510006E-01   2.12219000E-01   2.16437995E-01
   2.00351000E-01   2.48996004E-01   2.52564013E-01   2.74535000E-01
   2.36309007E-01   2.51156986E-01   2.78755009E-01   3.16929013E-01
   2.89824992E-01   2.99847990E-01   2.72228986E-01   3.26640010E-01
   2.59620994E-01   2.27335006E-01   2.31586993E-01   2.15719000E-01
   2.19119996E-01   2.70399004E-01   2.75063008E-01   3.09754997E-01
   2.92133987E-01   2.79491007E-01   2.95736015E-01   2.96366006E-01
   2.77907014E-01   3.03936988E-01   3.29275012E-01   3.00038010E-01
   3.09531987E-01   2.76068985E-01   3.29010010E-01   2.68231988E-01
   2.75992006E-01   2.97221005E-01   2.69237995E-01   2.32892007E-01
   2.42542997E-01   2.17710003E-01   2.00639993E-01   2.30763003E-01
   2.57064015E-01   2.80025989E-01   2.40517005E-01   2.32879996E-01
   2.77094007E-01   2.39506006E-01   1.92445993E-01   2.05509007E-01
   2.14948997E-01   2.36026004E-01   2.24049002E-01   2.63783991E-01
   2.57569999E-01   2.76793003E-01   2.73075014E-01   2.74491996E-01
   2.42552996E-01   2.35577002E-01   2.37398997E-01   2.27194995E-01
   2.43140996E-01   2.48096004E-01   2.72973001E-01   3.03905010E-01
   2.67105013E-01   2.54034013E-01   2.99589008E-01   2.64645994E-01
   2.87775993E-01   3.14749986E-01   3.44404012E-01   3.14962000E-01
   2.87438005E-01   2.70011008E-01   2.56846011E-01   2.49384001E-01
   2.46012002E-01   3.01187992E-01   2.85335988E-01   2.99353004E-01
   3.45117986E-01   3.53978992E-01   3.34084004E-01   3.17759991E-01
   3.09940994E-01   2.90688992E-01   3.25657010E-01   3.04187000E-01
   2.69872993E-01   2.87793010E-01   3.08811992E-01   2.25265995E-01
   2.88125008E-01   2.41117001E-01   2.11815998E-01   1.68421999E-01
   2.02042997E-01   2.31445998E-01   2.09861994E-01   1.95386007E-01
   1.73910007E-01   1.96081996E-01   1.91893995E-01   2.10612997E-01
   2.36733004E-01   2.16594994E-01   2.29670003E-01   1.84946999E-01
   2.39981994E-01   2.52535999E-01   2.40732998E-01   2.71923006E-01
   3.20219010E-01   2.88029999E-01   2.89943993E-01   2.78046995E-01
   2.60028005E-01   2.34240994E-01   2.13451996E-01   2.35626996E-01
   2.33722001E-01   2.39371002E-01   2.98765987E-01   3.00222993E-01
   2.75334001E-01   2.26717994E-01   3.02484006E-01   3.25515985E-01
   3.17214996E-01   3.29454005E-01   3.52236003E-01   3.34053993E-01
   3.64405006E-01   3.03925008E-01   2.84116000E-01   2.51511008E-01
   2.99207002E-01   3.20782989E-01   3.10665011E-01   3.20811987E-01
   3.30994993E-01   3.49106997E-01   3.76204014E-01   3.63678992E-01
   3.33786011E-01   3.14909011E-01   3.28278989E-01   2.91058987E-01
   2.77734995E-01   2.69454986E-01   2.67109990E-01   2.89140999E-01
   2.40340993E-01   2.29317993E-01   1.92052007E-01   2.06751004E-01
   2.62181997E-01   2.42235005E-01   2.13918000E-01   1.97796002E-01
   2.44305000E-01   2.16725007E-01   2.08026007E-01   2.04724997E-01
   2.24782005E-01   2.19402000E-01   2.48255998E-01   2.24690005E-01
   2.15865001E-01   2.39273995E-01   2.39494994E-01   2.32694998E-01
   2.91698992E-01   3.00202996E-01   2.73461998E-01   2.67315000E-01
   2.56406993E-01   2.62100011E-01   2.49384999E-01   2.44139999E-01
   2.08772004E-01   2.59566009E-01   2.95228004E-01   3.13973010E-01
   2.76760012E-01   2.43361995E-01   2.72545010E-01   3.34731996E-01
   3.30076993E-01   3.37029994E-01   3.36569011E-01   3.71291012E-01
   3.69531989E-01   3.19494009E-01   2.87239999E-01   3.21397990E-01
   3.05330008E-01   3.37738007E-01   3.41522992E-01   3.21429014E-01
   2.79944986E-01   3.49130005E-01   3.32592010E-01   3.67973000E-01
   2.88893998E-01   2.79484987E-01   2.58756995E-01   2.42256999E-01
   2.62807995E-01   2.86936015E-01   2.68608004E-01   2.58765012E-01
   2.04575002E-01   1.76962003E-01   1.83531001E-01   2.19188005E-01
   2.36092001E-01   2.35309005E-01   2.06891999E-01   2.33050004E-01
   2.20635995E-01   1.76770002E-01   2.06744000E-01   2.26106003E-01
   1.82018995E-01   1.89624995E-01   2.35740006E-01   2.33510002E-01
   1.86509997E-01   2.00191006E-01   1.64444998E-01   1.96772993E-01
   2.26071000E-01   2.27035999E-01   2.54215002E-01   2.69030005E-01
   2.48888001E-01   2.73030013E-01   2.66306996E-01   2.34541997E-01
   2.28383005E-01   2.15562001E-01   2.85483003E-01   3.21669012E-01
   2.68965006E-01   2.66335994E-01   2.40504995E-01   2.35402003E-01
   2.74603993E-01   3.26575994E-01   3.15806001E-01   3.51686001E-01
   3.38351011E-01   3.14547002E-01   3.19027007E-01   3.54133993E-01
   3.69439006E-01   3.30439001E-01   3.45254004E-01   2.90205002E-01
   2.50622988E-01   3.07774007E-01   3.00397992E-01   3.08746010E-01
   2.73225993E-01   2.85115987E-01   2.29514003E-01   2.53374010E-01
   2.77913988E-01   2.41316006E-01   2.72298008E-01   2.27351993E-01
   2.00966001E-01   2.21697003E-01   1.75274998E-01   2.27567002E-01
   2.34727994E-01   2.34916002E-01   2.14955002E-01   2.09656999E-01
   2.05123007E-01   1.87514007E-01   2.11000994E-01   2.18582004E-01
   1.92840993E-01   1.48548007E-01   2.07371995E-01   1.99640006E-01
   1.84878007E-01   1.50881007E-01   1.41742006E-01   1.82643995E-01
   1.82376996E-01   2.34204993E-01   2.53248006E-01   2.49513000E-01
   2.61527002E-01   2.78970987E-01   2.57236004E-01   2.45224997E-01
   2.30581000E-01   2.15655997E-01   2.17003003E-01   2.58114010E-01
   2.71367997E-01   2.84859002E-01   2.55212009E-01   2.41677999E-01
   2.67506987E-01   2.53612995E-01   3.02585989E-01   3.34825009E-01
   3.48495990E-01   2.85874009E-01   3.42384011E-01   3.61665010E-01
   3.50865006E-01   3.17889005E-01   2.92335987E-01   2.75332987E-01
   2.72303998E-01   2.80564994E-01   2.34362006E-01   3.01138014E-01
   2.59254009E-01   2.66689986E-01   2.75498003E-01   2.78751999E-01
   2.92225003E-01   2.71306008E-01   2.80277997E-01   2.19432995E-01
   1.97935998E-01   2.37577006E-01   2.37272993E-01   2.38700002E-01
   2.17788994E-01   2.13064000E-01   1.75449997E-01   1.85709000E-01
   1.88978001E-01   2.01646999E-01   2.06928000E-01   1.61660001E-01
   1.01658002E-01   1.26256004E-01   1.43072993E-01   1.65803000E-01
   1.41726002E-01   1.43052995E-01   1.31708995E-01   1.24663003E-01
   1.59101993E-01   1.83130994E-01   2.61808991E-01   2.36011997E-01
   2.31439993E-01   2.88612008E-01   2.77967989E-01   2.49308005E-01
   1.95600003E-01   2.21010998E-01   2.05845997E-01   2.56215990E-01
   2.97149003E-01   2.89709985E-01   2.86374003E-01   2.96844989E-01
   2.67542005E-01   3.63243997E-01   3.35409999E-01   3.17743987E-01
   3.19983006E-01   2.95293987E-01   2.76926011E-01   3.44597995E-01
   3.44047993E-01   3.31699997E-01   2.81742007E-01   3.21833998E-01
   3.27758998E-01   3.02935004E-01   3.03611010E-01   2.97908992E-01
   2.79448986E-01   2.75655001E-01   3.23410988E-01   2.51240999E-01
   2.68983006E-01   2.35926002E-01   2.49403998E-01   1.94544002E-01
   1.98144004E-01   1.84322000E-01   1.66696995E-01   1.91477001E-01
   1.36469007E-01   1.86722994E-01   1.99596003E-01   1.94847003E-01
   2.25642994E-01   2.14854002E-01   1.87782004E-01   1.02636002E-01
   5.09020016E-02   1.38878003E-01   1.60753995E-01   1.27094001E-01
   1.32403001E-01   1.31234005E-01   1.31848007E-01   1.07115000E-01
   1.47505999E-01   1.70384005E-01   2.23042995E-01   1.86186999E-01
   2.10495993E-01   2.72192001E-01   2.22536996E-01   1.65777996E-01
   1.49217993E-01   2.17928007E-01   2.61960000E-01   2.26943001E-01
   2.98916996E-01   2.58222997E-01   3.13088000E-01   2.72377014E-01
   3.04118007E-01   3.34921986E-01   3.02394003E-01   3.20818007E-01
   3.24467987E-01   3.36719990E-01   3.06284994E-01   3.27378988E-01
   3.28334987E-01   3.70855987E-01   3.45598012E-01   3.46711010E-01
   3.64158005E-01   3.54285985E-01   3.88823003E-01   2.99896002E-01
   2.82804012E-01   3.10503989E-01   3.01687002E-01   2.65430987E-01
   2.25904003E-01   1.98733002E-01   1.98733002E-01   2.02071995E-01
   1.73751995E-01   1.85962006E-01   2.02338994E-01   1.77421004E-01
   1.58172995E-01   1.94582000E-01   2.19825000E-01   1.82889000E-01
   1.93855003E-01   1.67040005E-01   1.27807006E-01   1.27238005E-01
   7.82819986E-02   1.17159002E-01   1.40834004E-01   1.46338001E-01
   1.46744996E-01   1.40135005E-01   1.37078002E-01   1.75642997E-01
   1.07868999E-01   1.53970003E-01   2.03812003E-01   2.10850000E-01
   1.87121004E-01   2.65644997E-01   2.35888004E-01   1.97179005E-01
   1.95868000E-01   2.12602004E-01   2.21322998E-01   2.52582997E-01
   2.40689993E-01   2.85806000E-01   3.00774008E-01   3.16385001E-01
   3.11785012E-01   3.52506995E-01   3.44485998E-01   3.40214014E-01
   3.40247005E-01   3.42570007E-01   3.03413004E-01   3.55287999E-01
   3.57232004E-01   3.66495013E-01   2.94842005E-01   2.94737011E-01
   3.32599998E-01   3.30087990E-01   3.42164010E-01   3.16716999E-01
   2.97271997E-01   2.71481991E-01   2.84599990E-01   1.96026996E-01
   2.07441002E-01   2.49442995E-01   2.13819996E-01   1.87925994E-01
   1.44770995E-01   1.60034999E-01   1.71658993E-01   1.95877001E-01
   1.89974993E-01   2.13560000E-01   1.81753993E-01   1.46171004E-01
   1.35509998E-01   1.47244006E-01   1.03716999E-01   1.06633998E-01
   1.14280000E-01   1.61660999E-01   1.66091993E-01   1.97681993E-01
   1.86067000E-01   2.05240995E-01   2.12970003E-01   1.28202006E-01
   1.31071001E-01   1.18398003E-01   1.48148000E-01   1.75924003E-01
   2.13701993E-01   2.37497002E-01   2.21016005E-01   2.08115995E-01
   2.09879994E-01   2.97412008E-01   2.49944001E-01   2.72215992E-01
   2.68896997E-01   2.71961004E-01   2.58857995E-01   2.26227000E-01
   2.86484003E-01   3.24977994E-01   3.53103995E-01   3.31158996E-01
   3.13852012E-01   2.93278992E-01   3.23570013E-01   3.31380993E-01
   3.63498986E-01   3.76935989E-01   3.82602990E-01   3.58981013E-01
   3.47106993E-01   3.55152994E-01   3.12137008E-01   3.16798002E-01
   2.93615013E-01   2.67417997E-01   3.00020009E-01   2.20265001E-01
   2.03116000E-01   2.38986000E-01   2.24081993E-01   2.10706994E-01
   1.50477007E-01   1.44021004E-01   1.51371002E-01   1.16226003E-01
   1.77524000E-01   2.11223006E-01   2.04685003E-01   1.52771994E-01
   1.44413993E-01   1.47517994E-01   1.29475996E-01   9.39870030E-02
   1.36472002E-01   1.67463005E-01   1.63273007E-01   2.41129994E-01
   2.15155005E-01   2.00371996E-01   1.96389005E-01   2.22607002E-01
   1.32166997E-01   1.16425999E-01   1.52531996E-01   1.78972006E-01
   1.57234997E-01   1.93085000E-01   2.35459000E-01   1.75546005E-01
   2.23914996E-01   2.41223007E-01   2.71025002E-01   3.07940990E-01
   2.78595001E-01   2.65879989E-01   2.50367999E-01   2.22426996E-01
   2.36531004E-01   3.22430998E-01   3.40752989E-01   2.97747999E-01
   3.19894999E-01   3.26537997E-01   3.35877001E-01   3.63166004E-01
   3.81029993E-01   3.85904014E-01   3.83253992E-01   4.24701005E-01
   3.86375010E-01   3.56454015E-01   3.18482995E-01   3.29769999E-01
   3.02603990E-01   2.58347988E-01   2.43975997E-01   2.15617999E-01
   2.06356004E-01   2.09184006E-01   2.22115993E-01   2.34587997E-01
   2.33989999E-01   2.13620007E-01   1.76880002E-01   1.57566994E-01
   1.38219997E-01   1.94509998E-01   1.59596995E-01   1.42686993E-01
   1.30358994E-01   1.16766997E-01   1.20878004E-01   1.67472005E-01
   1.83387995E-01   1.83614001E-01   1.23576000E-01   1.47951007E-01
   2.10026994E-01   2.15031996E-01   2.41696000E-01   2.29983002E-01
   1.03734002E-01   1.39229998E-01   1.28509998E-01   1.45480007E-01
   1.74832001E-01   1.62293002E-01   2.14897007E-01   2.15106994E-01
   2.05495998E-01   2.52947003E-01   2.94519991E-01   3.14089000E-01
   2.67890006E-01   2.55912989E-01   2.91889995E-01   2.47169003E-01
   2.94057995E-01   2.74556011E-01   3.27398986E-01   3.25123996E-01
   3.40211987E-01   3.29831988E-01   3.67480993E-01   3.47804010E-01
   3.57372999E-01   3.81197989E-01   3.83069992E-01   4.18363988E-01
   3.49424005E-01   3.21321011E-01   3.07709008E-01   2.60775000E-01
   2.47400001E-01   2.49050006E-01   2.10559994E-01   1.81674004E-01
   1.94714993E-01   2.23891005E-01   2.03318998E-01   2.24627003E-01
   2.37976998E-01   2.06094995E-01   2.10914999E-01   1.95286006E-01
   1.89752996E-01   1.50718004E-01   1.73572004E-01   1.88289002E-01
   1.91767007E-01   1.30370006E-01   1.92916006E-01   1.98743001E-01
   1.50197998E-01   1.63105994E-01   1.58847004E-01   1.38126999E-01
   1.76561996E-01   1.55487999E-01   1.82381004E-01   1.93405002E-01
   1.35051996E-01   1.33791000E-01   7.42349997E-02   8.11489969E-02
   1.14012003E-01   1.44832000E-01   1.97157994E-01   2.12688997E-01
   2.10714996E-01   2.59983003E-01   2.47412995E-01   3.09579015E-01
   3.13953012E-01   3.00873995E-01   2.59772986E-01   2.61148006E-01
   2.55708992E-01   3.24660003E-01   2.95345008E-01   3.24393004E-01
   3.42741013E-01   2.99400985E-01   3.20749015E-01   3.28471005E-01
   3.34693015E-01   3.59095991E-01   3.69924992E-01   3.53500009E-01
   2.37385005E-01   2.81165987E-01   2.58203000E-01   2.54819989E-01
   2.29525998E-01   2.46746004E-01   2.46530995E-01   2.04605997E-01
   2.40548000E-01   2.47032002E-01   2.42226005E-01   1.97246999E-01
   2.35104993E-01   1.96283996E-01   1.55515999E-01   1.89173996E-01
   1.92388996E-01   2.06290007E-01   1.98631003E-01   1.87974006E-01
   1.72112003E-01   1.81356996E-01   1.45395994E-01   1.43715993E-01
   1.37691006E-01   1.26594007E-01   1.84911996E-01   1.68860003E-01
   1.67923003E-01   1.56072006E-01   1.79545999E-01   1.93419993E-01
   1.50400996E-01   1.44929007E-01   8.51389989E-02   6.75690025E-02
   1.40166998E-01   1.75380006E-01   2.16747001E-01   2.09819004E-01
   1.74089000E-01   2.21635997E-01   2.77078003E-01   3.09455007E-01
   2.92596012E-01   3.25067014E-01   2.42896006E-01   2.37223998E-01
   2.77444005E-01   2.91642010E-01   2.95302004E-01   3.36313993E-01
   3.39576006E-01   3.17793012E-01   3.35029989E-01   3.28987986E-01
   3.27877998E-01   3.69176000E-01   3.76437992E-01   3.64796996E-01
   3.14891011E-01   2.92324007E-01   2.70018995E-01   2.45579004E-01
   2.63514012E-01   2.59175986E-01   2.33786002E-01   2.17950001E-01
   2.31259003E-01   2.17590004E-01   2.70148009E-01   2.16890007E-01
   1.56099007E-01   1.39690995E-01   1.53053999E-01   1.94142997E-01
   1.74046993E-01   2.27229998E-01   1.95623994E-01   1.35224998E-01
   1.33613005E-01   1.49516001E-01   1.27312005E-01   1.14875004E-01
   1.38543993E-01   1.18049003E-01   1.19716004E-01   1.49207994E-01
   1.34268999E-01   1.61935002E-01   1.60395995E-01   1.65517002E-01
   1.53072998E-01   1.29320994E-01   1.00561999E-01   1.12530999E-01
   9.39820036E-02   1.49623007E-01   1.96022004E-01   2.19704002E-01
   2.02635005E-01   2.33779997E-01   3.14139009E-01   2.82799989E-01
   3.11764985E-01   2.97504991E-01   2.94647008E-01   2.53481001E-01
   2.62928993E-01   3.01207989E-01   3.11715990E-01   3.05689007E-01
   3.19541007E-01   3.51945996E-01   3.00231993E-01   3.38752002E-01
   3.05554986E-01   3.20995003E-01   3.36870015E-01   3.34093004E-01
   3.03737015E-01   2.61361986E-01   2.92676002E-01   2.39654005E-01
   2.54112989E-01   2.23083004E-01   2.46068999E-01   2.48840004E-01
   2.35632002E-01   2.10583001E-01   2.52732992E-01   2.22021997E-01
   1.71777993E-01   1.66236997E-01   1.44654006E-01   1.67209998E-01
   1.54280007E-01   1.22644000E-01   1.62543997E-01   1.26515999E-01
   9.84899998E-02   1.00208998E-01   1.64703995E-01   1.50001004E-01
   1.22689001E-01   1.36857003E-01   1.29967004E-01   1.02086999E-01
   1.28869995E-01   1.82229996E-01   1.57374993E-01   1.58605993E-01
   2.32501000E-01   1.59165993E-01   1.42131001E-01   1.21100001E-01
   1.40984997E-01   1.46424994E-01   2.10842997E-01   2.13122994E-01
   2.25797996E-01   2.51688004E-01   2.82283992E-01   2.81192988E-01
   2.36921996E-01   2.59104997E-01   2.52332002E-01   2.75480002E-01
   3.03523988E-01   2.98626989E-01   3.32875997E-01   3.24270993E-01
   3.28767002E-01   2.91931987E-01   3.11975986E-01   2.97454000E-01
   2.88376004E-01   2.90753990E-01   2.97425985E-01   2.98034996E-01
   2.59148985E-01   2.64555007E-01   2.65801013E-01   2.46160001E-01
   2.79231995E-01   2.60165006E-01   2.36691996E-01   2.63579994E-01
   2.24227995E-01   2.21314996E-01   2.54388988E-01   2.14518994E-01
   2.24795997E-01   2.00636998E-01   1.72951996E-01   1.70222998E-01
   1.43793002E-01   1.46504998E-01   1.59768000E-01   1.70377001E-01
   1.63460001E-01   1.77739993E-01   2.19779998E-01   1.77230000E-01
   1.63111001E-01   1.36305004E-01   1.48589000E-01   1.43336996E-01
   1.33553997E-01   1.29747003E-01   1.46944001E-01   1.57596007E-01
   2.17958003E-01   1.88723996E-01   1.85405001E-01   1.79412007E-01
   1.34136006E-01   1.87142000E-01   1.77651003E-01   3.02917004E-01
   2.81394005E-01   2.83892989E-01   3.34677011E-01   2.44812995E-01
   2.33932003E-01   2.76486993E-01   2.41532996E-01   2.95729011E-01
   3.19061011E-01   3.12566012E-01   2.85167992E-01   3.14016014E-01
   3.19489986E-01   3.09287012E-01   3.20715994E-01   2.76827008E-01
   2.24197999E-01   2.61458009E-01   2.42263004E-01   2.40850002E-01
   2.61514008E-01   2.78779000E-01   2.22184002E-01   2.39280000E-01
   2.25300997E-01   2.31364995E-01   2.12448001E-01   2.68527001E-01
   2.61081994E-01   2.69686997E-01   2.44341999E-01   2.56386012E-01
   2.52476990E-01   2.45150998E-01   2.30892003E-01   1.86275005E-01
   1.50042996E-01   1.67551994E-01   1.54165998E-01   1.84120998E-01
   1.95059001E-01   2.14627996E-01   2.09308997E-01   1.86932996E-01
   1.53837994E-01   1.74299002E-01   1.68625996E-01   1.61926001E-01
   1.27734005E-01   1.77236006E-01   1.77656993E-01   1.43519998E-01
   2.25795001E-01   2.01811999E-01   1.87931001E-01   1.52839005E-01
   1.70012996E-01   1.40269995E-01   1.83489993E-01   2.31121004E-01
   2.91882992E-01   2.80764014E-01   2.98516005E-01   2.18851998E-01
   2.58388013E-01   2.93989986E-01   2.50797004E-01   2.89692998E-01
   2.64795005E-01   2.97004998E-01   2.74675995E-01   2.48862997E-01
   3.01990002E-01   3.22064012E-01   2.83870012E-01   2.41710007E-01
   2.01257005E-01   1.93463996E-01   1.98548004E-01   1.90766007E-01
   2.28284001E-01   2.91566014E-01   2.34364003E-01   2.14775994E-01
   2.07604006E-01   2.13125005E-01   2.69834012E-01   3.06190997E-01
   2.77541995E-01   2.58882999E-01   2.81753987E-01   3.13926011E-01
   3.27421010E-01   2.82972991E-01   2.63085008E-01   2.18043000E-01
   1.66994005E-01   1.66227996E-01   1.08586997E-01   1.62395999E-01
   1.26645997E-01   1.89633995E-01   2.43515998E-01   2.33061999E-01
   2.04559997E-01   2.04334006E-01   2.01086000E-01   1.96133003E-01
   1.78109005E-01   1.50811002E-01   1.88213006E-01   1.36212006E-01
   2.23639995E-01   2.22795993E-01   1.78475007E-01   1.95238993E-01
   1.89368993E-01   1.44808993E-01   1.81693003E-01   1.95798993E-01
   2.71082997E-01   2.96770006E-01   2.90504992E-01   2.76125014E-01
   2.37848997E-01   2.67479002E-01   2.73844004E-01   2.84004986E-01
   2.42495000E-01   2.90120989E-01   2.60832012E-01   2.40836993E-01
   2.18652993E-01   3.09587985E-01   2.44030997E-01   2.12118998E-01
   1.94720000E-01   2.23561004E-01   1.81245998E-01   1.79739997E-01
   1.72915995E-01   2.11768001E-01   2.24106997E-01   2.35377997E-01
   2.53125012E-01   2.53995001E-01   2.61801988E-01   2.67755002E-01
   2.72195011E-01   2.91121006E-01   2.78452992E-01   2.89972991E-01
   3.14422995E-01   3.11417997E-01   2.68570006E-01   2.35471994E-01
   2.06173003E-01   1.95545003E-01   1.75432995E-01   1.53916001E-01
   1.67153001E-01   2.54498005E-01   2.44966000E-01   2.24948004E-01
   2.37926006E-01   1.82065994E-01   1.66447997E-01   1.93241999E-01
   2.05537006E-01   1.66789994E-01   1.66032001E-01   1.62481993E-01
   2.40667999E-01   2.01638997E-01   2.32206002E-01   1.90843999E-01
   1.76352993E-01   1.80886000E-01   1.91122994E-01   1.86713994E-01
   2.58112997E-01   2.58579999E-01   2.41277993E-01   2.76562989E-01
   2.94303000E-01   3.01131994E-01   2.91669011E-01   2.83517003E-01
   2.70648003E-01   2.93570012E-01   2.55685002E-01   2.29335994E-01
   2.52494991E-01   2.36065000E-01   2.31572002E-01   1.98418006E-01
   1.47177994E-01   1.81639999E-01   1.80820003E-01   1.84913993E-01
   1.92753002E-01   1.91763997E-01   2.27774993E-01   2.41274998E-01
   2.40893006E-01   2.48732999E-01   2.59478986E-01   2.23997995E-01
   2.75085002E-01   2.82512993E-01   2.34891996E-01   2.92654008E-01
   2.92663008E-01   2.92739004E-01   2.58047014E-01   2.53587008E-01
   2.27371007E-01   1.72479004E-01   1.85203001E-01   1.44716993E-01
   2.08550006E-01   2.55048007E-01   2.55459011E-01   2.04311997E-01
   2.13862002E-01   1.96456000E-01   1.52952000E-01   1.75438002E-01
   1.99717999E-01   1.97013006E-01   1.61492005E-01   1.55791000E-01
   1.79536998E-01   2.42236003E-01   2.27229998E-01   2.30564997E-01
   1.84993997E-01   1.87283993E-01   1.73879996E-01   2.55654007E-01
   2.06434995E-01   2.00498998E-01   2.29445994E-01   2.66310006E-01
   2.66617000E-01   2.94919997E-01   2.96050996E-01   3.20876986E-01
   2.68330008E-01   2.70929009E-01   2.53167987E-01   2.06716999E-01
   2.74681002E-01   2.35097006E-01   1.66713998E-01   1.64777994E-01
   1.47627994E-01   1.34123996E-01   1.62772000E-01   2.06132993E-01
   2.41376996E-01   2.03093007E-01   1.92789003E-01   2.23870993E-01
   2.27136001E-01   2.38055006E-01   2.50551999E-01   2.25677997E-01
   2.22652003E-01   2.77774990E-01   2.32054994E-01   2.84007996E-01
   2.98117012E-01   2.62964010E-01   2.59552002E-01   2.28240997E-01
   2.27069005E-01   2.27844000E-01   2.13095993E-01   1.84853002E-01
   1.36347994E-01   2.14695007E-01   1.96897998E-01   2.10755005E-01
   1.81840003E-01   1.51878998E-01   2.00172007E-01   1.97886005E-01
   2.08268002E-01   1.94507003E-01   1.87037006E-01   1.40766993E-01
   1.73061997E-01   2.56918997E-01   2.14463994E-01   2.05731004E-01
   1.91054001E-01   1.61970004E-01   1.88613996E-01   2.25050002E-01
   2.06290007E-01   2.05367997E-01   2.52824008E-01   2.52474993E-01
   2.94577986E-01   2.70649999E-01   2.65282005E-01   2.97215015E-01
   2.90430009E-01   2.60248989E-01   2.61738002E-01   2.53906012E-01
   2.78528988E-01   2.52052993E-01   1.79349005E-01   1.81107000E-01
   2.09433004E-01   1.60698995E-01   1.28060997E-01   1.51618004E-01
   1.55717000E-01   1.84195995E-01   1.72574997E-01   1.64464995E-01
   2.07268000E-01   2.13254005E-01   2.54323006E-01   2.23821998E-01
   2.28742003E-01   2.58639991E-01   2.39570007E-01   3.07038009E-01
   2.73146003E-01   2.41887003E-01   2.20900998E-01   2.47385994E-01
   2.41435006E-01   1.74840003E-01   2.01921001E-01   1.99074998E-01
   1.26634002E-01   1.57582998E-01   1.54520005E-01   1.51215002E-01
   1.69549003E-01   1.71776995E-01   1.89144999E-01   1.67379007E-01
   1.71295002E-01   1.74098000E-01   1.75358996E-01   1.44026995E-01
   1.69924006E-01   1.94343999E-01   2.05789000E-01   2.10453004E-01
   1.85547993E-01   1.63427994E-01   2.25287005E-01   2.38670006E-01
   2.16199994E-01   2.21580997E-01   2.26588994E-01   2.33870998E-01
   2.57023007E-01   2.89613992E-01   2.42125005E-01   2.76140988E-01
   2.83657014E-01   2.40667999E-01   2.41859004E-01   2.34422997E-01
   2.38686994E-01   1.80057004E-01   1.92103997E-01   1.53769001E-01
   1.82073995E-01   1.18213996E-01   1.38688996E-01   1.46729007E-01
   1.67896003E-01   2.06226006E-01   2.31417000E-01   1.63326994E-01
   1.79447994E-01   2.01848000E-01   2.39464998E-01   2.18920007E-01
   2.35902995E-01   2.47015998E-01   2.72204012E-01   2.90320992E-01
   2.74782985E-01   2.63392001E-01   2.30219007E-01   2.50048995E-01
   2.10765004E-01   1.96217000E-01   1.60998002E-01   1.46552995E-01
   1.71404004E-01   1.17200002E-01   1.72325999E-01   1.44509003E-01
   2.04853997E-01   2.10259005E-01   1.85561001E-01   1.85882002E-01
   1.79655001E-01   1.67658001E-01   1.37294993E-01   1.64648995E-01
   1.89303994E-01   2.13644996E-01   2.17390001E-01   2.23508999E-01
   1.86454996E-01   2.24021003E-01   1.72061995E-01   1.77405998E-01
   1.98195994E-01   2.04139993E-01   2.25317001E-01   2.74176002E-01
   2.75705993E-01   2.82932013E-01   2.73155004E-01   2.57216990E-01
   2.66503990E-01   2.25592002E-01   2.26078004E-01   2.32116997E-01
   2.20479995E-01   2.11419001E-01   1.89870000E-01   1.46585003E-01
   1.84766993E-01   1.23810999E-01   1.50640994E-01   1.68990001E-01
   1.88317999E-01   2.24757999E-01   2.13052005E-01   2.23636001E-01
   1.96658999E-01   1.99295998E-01   2.32839003E-01   2.13667005E-01
   2.07105994E-01   2.20128000E-01   2.26388007E-01   2.52032012E-01
   3.04307997E-01   2.30305001E-01   2.30707005E-01   2.10039005E-01
   2.33870998E-01   1.92670003E-01   1.83083996E-01   1.63553998E-01
   1.45282999E-01   1.48587003E-01   1.69881999E-01   2.35534996E-01
   2.23008007E-01   2.20540002E-01   1.98280007E-01   2.13358998E-01
   1.78227007E-01   1.87618002E-01   1.47763997E-01   1.39717996E-01
   2.15859994E-01   2.21975997E-01   2.43114993E-01   2.69432992E-01
   2.57517010E-01   2.60838002E-01   2.30828002E-01   2.30353996E-01
   2.23571002E-01   2.28524998E-01   2.62796998E-01   2.59618014E-01
   3.02175999E-01   3.25982988E-01   2.95908988E-01   2.28101999E-01
   2.28461996E-01   2.09824994E-01   2.09514007E-01   2.08278999E-01
   2.23021999E-01   1.89041004E-01   1.66889995E-01   1.69780001E-01
   1.68542996E-01   1.96192995E-01   1.59932002E-01   1.81123003E-01
   2.16766000E-01   1.81581005E-01   1.31951004E-01   1.86262995E-01
   1.57146007E-01   1.99616998E-01   2.05817997E-01   2.07912996E-01
   1.65378004E-01   2.22837001E-01   2.58302003E-01   2.87791997E-01
   2.75494009E-01   2.47059003E-01   2.19724000E-01   2.07258001E-01
   1.94124997E-01   2.13182002E-01   1.65316001E-01   1.47515997E-01
   1.55025005E-01   1.70063004E-01   1.63663000E-01   1.65384993E-01
   2.22844005E-01   2.24987000E-01   2.40004003E-01   2.28178993E-01
   2.10905999E-01   2.21058995E-01   1.78499997E-01   1.77702993E-01
   2.06796005E-01   2.56031990E-01   2.33715996E-01   2.50474006E-01
   2.02629998E-01   2.48180002E-01   2.47354001E-01   2.36881003E-01
   2.34410003E-01   2.45963007E-01   2.44619995E-01   2.97452003E-01
   2.92688012E-01   3.31193000E-01   2.98198998E-01   2.32002005E-01
   2.46361002E-01   1.70954004E-01   1.85776994E-01   1.99484006E-01
   1.52024999E-01   1.41651005E-01   1.76862001E-01   1.87812001E-01
   1.59063995E-01   1.91643000E-01   1.70861006E-01   1.90524995E-01
   1.81173995E-01   1.29640996E-01   1.53966993E-01   1.51536003E-01
   1.79754004E-01   1.78896993E-01   1.70259997E-01   1.59268007E-01
   1.89805999E-01   2.34786004E-01   2.04733998E-01   2.24555001E-01
   2.37914994E-01   2.56089985E-01   2.34024003E-01   2.68624991E-01
   2.23554000E-01   1.63953006E-01   1.49684995E-01   1.50830999E-01
   1.79774001E-01   1.81642994E-01   1.71648994E-01   1.60742000E-01
   2.05834001E-01   1.72633007E-01   2.27575004E-01   2.34206006E-01
   2.48151004E-01   2.18853995E-01   1.94887996E-01   1.81458995E-01
   1.86056003E-01   2.10385993E-01   2.15188995E-01   2.13749006E-01
   2.01517001E-01   2.43490994E-01   2.74493992E-01   2.51231998E-01
   2.72210985E-01   3.01115990E-01   2.55391985E-01   2.64665008E-01
   2.52494007E-01   2.85894006E-01   2.65628010E-01   2.39858001E-01
   1.96831003E-01   2.32434005E-01   2.20707998E-01   1.93434000E-01
   2.31134996E-01   2.05293000E-01   1.88703999E-01   1.73641995E-01
   2.05341995E-01   1.93537995E-01   1.74657002E-01   2.17835993E-01
   2.20669001E-01   1.46890998E-01   1.53629005E-01   1.17011003E-01
   1.63984001E-01   1.40520006E-01   1.57321006E-01   1.63395002E-01
   1.73948005E-01   1.62599996E-01   1.81014001E-01   1.98511004E-01
   2.05913007E-01   1.96529999E-01   2.34941006E-01   2.14422002E-01
   1.92120999E-01   1.61787003E-01   1.35452002E-01   1.71053007E-01
   1.66406006E-01   1.36169001E-01   1.68259993E-01   2.02280000E-01
   2.15726003E-01   1.92837000E-01   2.25272000E-01   2.14669004E-01
   2.30636001E-01   1.97799996E-01   1.85744002E-01   2.14972004E-01
   1.73785999E-01   2.12408006E-01   2.47356996E-01   2.57524014E-01
   2.55385995E-01   2.60219991E-01   2.36699000E-01   2.73604006E-01
   2.70507008E-01   3.20915014E-01   2.76225001E-01   2.25785002E-01
   2.31168002E-01   2.57712990E-01   2.33867005E-01   2.27163002E-01
   2.32832000E-01   1.95747003E-01   2.05855995E-01   2.14962006E-01
   2.11753994E-01   2.10902005E-01   2.09640995E-01   2.35259995E-01
   2.44618997E-01   2.14269996E-01   2.13762999E-01   2.03284994E-01
   2.15448007E-01   2.13331997E-01   2.27455005E-01   1.90294996E-01
   1.94380999E-01   1.54396996E-01   1.43147007E-01   1.65013000E-01
   1.70931995E-01   2.17703000E-01   1.93307996E-01   1.95039004E-01
   1.72747999E-01   2.10501999E-01   1.90224007E-01   2.03999996E-01
   1.72514006E-01   1.97368994E-01   1.56492993E-01   1.75602004E-01
   1.66131005E-01   1.27063006E-01   1.73122004E-01   1.63847998E-01
   2.04867005E-01   2.09656999E-01   2.20908001E-01   1.98252007E-01
   2.18527004E-01   2.01317996E-01   1.92184001E-01   2.00060993E-01
   1.74877003E-01   2.12981999E-01   2.45869994E-01   2.30951995E-01
   2.56705999E-01   2.75593013E-01   2.88661003E-01   2.84105986E-01
   2.80425996E-01   2.55971014E-01   2.69805998E-01   2.29858994E-01
   2.61382997E-01   2.00121999E-01   2.08102003E-01   2.13818997E-01
   2.11939007E-01   1.86167002E-01   1.78454995E-01   1.94824994E-01
   1.86137006E-01   2.36046001E-01   2.72036999E-01   2.00108007E-01
   2.48812005E-01   2.31878996E-01   2.39757001E-01   2.36102000E-01
   2.53239989E-01   2.52041012E-01   2.21442997E-01   2.21957996E-01
   1.84200004E-01   2.15869993E-01   1.86611995E-01   1.97845995E-01
   1.93800002E-01   1.83627993E-01   1.39082000E-01   2.10336998E-01
   1.83948994E-01   2.20872998E-01   2.46016994E-01   2.33456999E-01
   1.41027004E-01   1.70796007E-01   1.87308997E-01   1.70612007E-01
   1.76125005E-01   1.70417994E-01   1.80796996E-01   2.01679006E-01
   2.13354006E-01   1.99430004E-01   2.09253997E-01   2.06812993E-01
   1.87241003E-01   1.59468994E-01   1.87650993E-01   1.75540000E-01
   1.13394998E-01   1.80988997E-01   2.00849995E-01   2.13062003E-01
   2.08638996E-01   2.51675993E-01   2.82604992E-01   2.85600007E-01
   2.55517989E-01   3.06412011E-01   2.72891015E-01   2.46923000E-01
   2.88334996E-01   2.04596996E-01   2.09794998E-01   2.18144998E-01
   1.90853000E-01   1.75554007E-01   1.94877997E-01   2.19969004E-01
   2.19432995E-01   2.40853995E-01   2.45883003E-01   2.31104001E-01
   2.82016993E-01   2.72805989E-01   2.52382010E-01   2.53482014E-01
   2.62522012E-01   2.42687002E-01   2.25875005E-01   2.09910005E-01
   2.22461000E-01   2.20027000E-01   2.09634006E-01   1.63791999E-01
   2.05034003E-01   1.56831995E-01   1.75496995E-01   2.01500997E-01
   2.47174993E-01   2.60309011E-01   2.63020992E-01   2.13115007E-01
   1.92129999E-01   1.70802996E-01   1.83953002E-01   2.27228001E-01
   1.98719993E-01   1.90320000E-01   1.63393006E-01   1.35440007E-01
   1.79137006E-01   1.79333001E-01   2.12666005E-01   1.80886999E-01
   1.52746007E-01   1.67290002E-01   1.61810994E-01   1.51223004E-01
   8.92490000E-02   1.53446004E-01   1.38796002E-01   1.86487004E-01
   1.91235006E-01   2.81287998E-01   2.60663986E-01   3.21128011E-01
   3.10575008E-01   3.05996001E-01   2.60096997E-01   2.24957004E-01
   2.04458997E-01   2.08514005E-01   2.37955004E-01   2.21879005E-01
   1.94532007E-01   1.73307002E-01   1.96568996E-01   2.03403994E-01
   2.39151999E-01   2.40840003E-01   2.03679994E-01   2.04416007E-01
   2.61588007E-01   2.57703006E-01   2.93397009E-01   2.93949991E-01
   2.54644990E-01   2.68826991E-01   2.15944007E-01   2.45930001E-01
   2.06420004E-01   2.12250993E-01   1.88426003E-01   2.10437998E-01
   1.98045999E-01   2.07102999E-01   2.22172007E-01   2.12951005E-01
   2.69555002E-01   2.70696014E-01   3.05649996E-01   2.76199996E-01
   2.07641006E-01   2.38508999E-01   1.98542997E-01   1.49773002E-01
   1.89858004E-01   1.53238997E-01   1.49370000E-01   1.48215994E-01
   1.62424996E-01   1.44832000E-01   1.65099993E-01   1.89870000E-01
   2.12079003E-01   1.94429994E-01   1.58173993E-01   1.33426994E-01
   1.03680998E-01   1.43080994E-01   1.72479004E-01   2.13878006E-01
   2.15307996E-01   2.73185015E-01   3.20468992E-01   3.02965999E-01
   2.84453005E-01   2.57676005E-01   2.49895006E-01   2.15421006E-01
   1.97438002E-01   1.98623002E-01   2.06898004E-01   1.71444997E-01
   2.21624002E-01   1.85324997E-01   2.37764999E-01   2.27467999E-01
   1.82756007E-01   2.05107003E-01   1.79078996E-01   2.16031000E-01
   2.13844001E-01   2.60239989E-01   2.76784003E-01   2.60632008E-01
   2.30399996E-01   2.98570991E-01   2.19879001E-01   2.28853002E-01
   2.48310998E-01   2.59434015E-01   1.78797007E-01   2.19201997E-01
   2.01612994E-01   2.33089998E-01   2.08042994E-01   2.59467006E-01
   2.62030989E-01   2.51504004E-01   2.84671992E-01   2.60444999E-01
   2.31488004E-01   1.75291002E-01   1.58950999E-01   1.74336001E-01
   1.92889005E-01   1.48880005E-01   1.38427004E-01   1.52549997E-01
   1.51594996E-01   1.60697997E-01   1.30504996E-01   1.83851004E-01
   1.92126006E-01   2.22012997E-01   1.80206001E-01   1.42732993E-01
   1.52229995E-01   1.55347005E-01   1.67696998E-01   1.77557006E-01
   2.18027994E-01   2.82384992E-01   3.20291013E-01   2.87450999E-01
   2.97475010E-01   2.38587007E-01   2.28180006E-01   1.92376003E-01
   1.32886007E-01   1.96704000E-01   1.79927006E-01   1.40670002E-01
   1.59565002E-01   1.32796004E-01   1.75031006E-01   1.79587007E-01
   1.33730993E-01   1.47354007E-01   2.08610997E-01   1.99708998E-01
   1.85708001E-01   2.47298002E-01   2.12270007E-01   2.54189014E-01
   2.97277004E-01   2.65578985E-01   2.63379008E-01   2.35012993E-01
   2.28359997E-01   2.40735993E-01   2.69989014E-01   2.05401003E-01
   2.01625004E-01   2.17509001E-01   2.55288988E-01   2.48969004E-01
   2.59148985E-01   2.13590994E-01   2.29452997E-01   1.94554999E-01
   2.07324997E-01   1.60735995E-01   1.82206005E-01   1.39550000E-01
   1.47566006E-01   1.38311997E-01   1.09523997E-01   9.89300013E-02
   1.76414996E-01   1.47323996E-01   7.91859999E-02   1.28490999E-01
   1.73558995E-01   1.70891002E-01   1.83706000E-01   1.44094005E-01
   1.59580007E-01   1.55722007E-01   2.08978996E-01   2.30853006E-01
   2.62273014E-01   2.75862992E-01   3.01286995E-01   2.95621008E-01
   2.84994990E-01   2.22960994E-01   2.67565995E-01   1.96053997E-01
   1.65361002E-01   1.45840004E-01   1.81718007E-01   1.61863998E-01
   2.13019997E-01   1.90430999E-01   1.74553007E-01   1.64543003E-01
   1.45071000E-01   1.54386997E-01   1.77880004E-01   1.86799005E-01
   1.83278993E-01   2.26478994E-01   1.89836994E-01   2.01188996E-01
   2.12026998E-01   2.63653994E-01   2.19944000E-01   2.44543999E-01
   2.05818996E-01   2.20565006E-01   2.68087000E-01   2.26085007E-01
   2.67163992E-01   2.35349998E-01   2.12959006E-01   2.50459999E-01
   2.68559992E-01   2.06483006E-01   2.20262006E-01   1.31059006E-01
   1.81525007E-01   1.74025998E-01   1.45294994E-01   1.42857000E-01
   1.23882003E-01   1.03398003E-01   1.27798006E-01   1.53653994E-01
   1.71180993E-01   1.24518000E-01   1.21760003E-01   1.10193998E-01
   1.48623005E-01   1.52963996E-01   2.29482993E-01   2.20361993E-01
   2.35999003E-01   1.73161998E-01   2.09916994E-01   2.66584992E-01
   3.09478998E-01   2.82377988E-01   2.74235010E-01   3.19204003E-01
   2.89420009E-01   2.73761988E-01   2.43006006E-01   1.61165997E-01
   1.85629994E-01   1.57942995E-01   2.02332005E-01   1.64144993E-01
   1.66562006E-01   1.69200003E-01   1.71037003E-01   1.22125998E-01
   1.17158003E-01   1.90803006E-01   1.69593006E-01   1.83864996E-01
   1.61028996E-01   2.17372999E-01   2.13535994E-01   2.02564999E-01
   2.08076000E-01   2.17144996E-01   1.90307006E-01   2.21057996E-01
   1.67677999E-01   1.60428002E-01   2.16176003E-01   2.25979999E-01
   2.10766003E-01   1.86554998E-01   1.76626995E-01   1.91477999E-01
   1.96583003E-01   1.88281998E-01   2.15886995E-01   1.72005996E-01
   1.68616995E-01   1.50994003E-01   1.16627999E-01   1.22396998E-01
   8.66829976E-02   4.55369987E-02   4.66209985E-02   8.81500021E-02
   1.51815996E-01   1.42197996E-01   1.30844995E-01   1.15053996E-01
   1.28207996E-01   1.62910998E-01   1.92748994E-01   2.34767005E-01
/