-- xxxxxxxxxxxxxxxxxxxxxxxxxxxxxxxxxxxxxxxxxxxxxxxxxxxx
-- PVT

-- ____________________________________________________
PVTW
-- PREF   BREF   COMP         VISC  VISCOSIBILITY
273.1832  1.029  4.599848e-5  0.31  0.0
/

-- ____________________________________________________
PVDG
  1.0002722  0.9357595900  0.0080
 18.0117040  0.0678971160  0.0096
 35.0231350  0.0352258750  0.0112
 69.0459980  0.0179498120  0.0140
137.0917200  0.0090619321  0.0189
171.1145900  0.0072652665  0.0208
205.1374500  0.0060637464  0.0228
273.1831800  0.0045534244  0.0268
341.2289000  0.0036438624  0.0309
613.4118100  0.0021672279  0.0470
/

-- ____________________________________________________
ROCK
-- PREF    ROCKCOMPR.
1.000272   4.4088E-5 /

DENSITY
-- OIL      WATER      GAS
-- (ALL@SURF.CONDS.)
786.5064    1037.836   0.9697576 /

-- xxxxxxxxxxxxxxxxxxxxxxxxxxxxxxxxxxxxxxxxxxxxxxxxxxxx
-- SCAL

--SKIP
--SCAL data from: /home/bellout/WORK-3/D-WRKS-A
--/WplcOpt_PSO_MJ/models/examples_cases_AD-GPRS
--/HM_DO/Input/scal.dat
--ENDSKIP

-- ____________________________________________________
SWOF
-- SW  KRG    KROG   PCOG
0.100  0.000  1.000  0
0.150  0.003  0.875  0
0.200  0.012  0.757  0
0.250  0.028  0.647  0
0.300  0.049  0.545  0
0.350  0.077  0.451  0
0.400  0.110  0.365  0
0.450  0.150  0.287  0
0.500  0.196  0.217  0
0.550  0.248  0.156  0
0.600  0.306  0.104  0
0.650  0.370  0.062  0
0.700  0.441  0.030  0
0.750  0.517  0.008  0
0.800  0.600  0.000  0
1.000  1.000  0.000  0
/

-- ____________________________________________________
SGOF
-- SWOF for garn3. numerical layer #1
-- SWI=0.18, SGC=0.1 and SORG=0.1
--
--SG    KRG     KROG    PCOG
0.0000  0.0000  0.9000  0
0.1000  0.0000  0.4500  0
0.1310  0.0101  0.3858  0
0.1620  0.0285  0.3281  0
0.1930  0.0523  0.2764  0
0.2240  0.0805  0.2304  0
0.2550  0.1125  0.1898  0
0.2860  0.1479  0.1544  0
0.3170  0.1864  0.1236  0
0.3480  0.2277  0.0972  0
0.3790  0.2717  0.0749  0
0.4100  0.3182  0.0562  0
0.4410  0.3671  0.0410  0
0.4720  0.4183  0.0288  0
0.5030  0.4716  0.0193  0
0.5340  0.5271  0.0122  0
0.5650  0.5846  0.0070  0
0.5960  0.6440  0.0036  0
0.6270  0.7053  0.0015  0
0.6580  0.7684  0.0004  0
0.6890  0.8334  0.0001  0
0.7200  0.9000  0.0000  0
/
