-- ____________________________________________________
-- VISCOSITY MULTIPLIED BY 3, OTHERWISE EVERYTHING THE SAME
PVDO
-- PRESSURE   B-OIL      VISCOSITY
-- (BAR)      (-)        (CP)
 50.0000      1.975270   0.6469
 70.0000      1.963010   0.6580
 90.0000      1.954640   0.6594
110.0000      1.933910   0.6698
130.0000      1.913090   0.6821
150.0000      1.892170   0.6951
170.0000      1.871150   0.7088
190.0000      1.850050   0.7234
210.0000      1.828870   0.7387
230.0000      1.807610   0.7550
250.8000      1.786280   0.7721
268.4200      1.764870   0.7904
285.3300      1.743390   0.8098
301.5900      1.721840   0.8304
317.2300      1.700220   0.8524
332.2900      1.678530   0.8759
346.8000      1.656780   0.9010
360.8000      1.634960   0.9278
374.3100      1.613070   0.9566
387.3600      1.591120   0.9876
399.9900      1.569100   1.0211
412.2100      1.547000   1.0572
424.0500      1.524840   1.0963
435.5300      1.502600   1.1388
446.6800      1.480280   1.1851
457.5100      1.457880   1.2357
468.0400      1.435390   1.2913
478.3000      1.412820   1.3842
488.3000      1.390150   1.4868
498.0600      1.367370   1.6005
507.5900      1.344490   1.7280
516.9200      1.321480   1.8300
526.0600      1.295860   1.8660
535.0200      1.272140   1.9110
543.8300      1.249220   1.9740
552.4900      1.227040   2.0940
561.0400      1.205550   2.2380
569.4800      1.184670   2.4150
577.8200      1.164370   2.6400
586.0900      1.144580   2.8920
594.2900      1.125220   3.1980
619.2900      1.106150   3.5400
/