
 ------ GRADIENTS FOR IPOPT -----------
VAR #	 OBJ 	CON1	CON2	CON3	CON4	CON5	CON6	CON7	CON8	CON9	CON10	CON11	CON12	CON13	CON14	CON15	CON16	CON17	CON18	CON19	CON20	CON21	CON22	CON23	CON24	CON25	CON26	CON27	CON28	CON29	CON30	CON31	CON32	CON33	CON34	CON35	CON36	CON37	CON38	CON39	CON40	CON41	CON42	CON43	CON44	CON45	CON46	CON47	CON48	CON49	CON50	CON51	CON52	CON53	CON54	CON55	CON56	CON57	CON58	CON59	CON60	CON61	CON62	CON63	CON64	CON65	CON66	CON67	CON68	CON69	CON70	
1	-0.0199249	-1.78257e-05	-0.000255148	-5.72155e-05	-0.000136088	-0.000159498	-4.08552e-05	-0.000547015	-0.000130431	-7.5937e-05	-8.21353e-05	-1.76155e-05	-0.000259335	-7.23724e-05	-5.23691e-05	-7.18617e-05	-1.83629e-05	-0.000260004	-5.71605e-05	-5.28572e-05	-7.56089e-05	0.000588252	1.35975e-05	-0.000129287	-9.90636e-05	-0.000104253	0	0	0	0.000201836	-1.66142e-05	-0.00015278	0	0	0	0	-0.000612592	-0.000208412	-2.20534e-05	0	0	0	0	0.000110893	0.000108214	8.91368e-05	0	0	0	0	0.000141647	9.48919e-05	5.1497e-05	0	0	0	0	0	0	0	0	0.00272715	0.000255804	-0.000494063	-0.000318225	-0.000204034	6.21728e-05	0.00224455	0.000212537	0.000120691	0.000294039	
2	-0.0128043	0	-0.000189571	-4.72541e-05	-0.000115442	-0.000133581	0	-0.000372001	-0.00011663	-5.80689e-05	-6.23323e-05	0	-0.000193797	-7.31406e-05	-4.21353e-05	-5.39009e-05	0	-0.000195464	-3.22823e-05	-3.14604e-05	-5.27732e-05	0	0.000335232	0.000106389	-6.2616e-05	-7.43057e-05	0	0	0	-0.000319296	-4.56401e-05	-0.000150059	0	0	0	0	-0.00155692	-0.000186087	-9.16246e-06	0	0	0	0	-0.000425124	3.17714e-05	5.05761e-05	0	0	0	0	-0.000232531	8.71703e-05	5.69784e-05	0	0	0	0	0	0	0	0	0	0.00171877	0.000339854	-0.000219923	-0.000151971	0	0.00212433	0.000405313	9.82889e-05	0.000224289	
3	-0.0101308	0	0	-6.1359e-05	-9.93512e-05	-0.000112959	0	0	-0.000124708	-5.80837e-05	-5.95224e-05	0	0	-7.72145e-05	-3.44569e-05	-4.88793e-05	0	0	-4.60655e-05	-1.53284e-05	-4.68553e-05	0	0	0.000374086	3.14625e-05	-6.83558e-05	0	0	0	-0.00123006	-0.000223747	-0.000105431	0	0	0	0	-0.00439224	-0.000763209	-5.78126e-05	0	0	0	0	-0.000638682	-0.000196502	4.56066e-05	0	0	0	0	-0.000515074	-5.59488e-05	6.12147e-05	0	0	0	0	0	0	0	0	0	0	0.00146297	6.61616e-05	-0.000138482	0	0	0.000840606	0.000229183	0.000204779	
4	-0.0119401	0	0	0	-0.000146588	-0.000170551	0	0	0	-0.000106534	-0.000100863	0	0	0	-7.64399e-05	-7.52088e-05	0	0	0	-3.63266e-05	-6.13841e-05	0	0	0	0.000397101	-4.6636e-05	0	0	0	0	-0.00145146	-0.000289254	0	0	0	0	0	-0.0050446	-0.000503576	0	0	0	0	0	-0.000821321	-0.000102424	0	0	0	0	0	-0.000575437	4.58293e-05	0	0	0	0	0	0	0	0	0	0	0	0.00129957	-2.81537e-05	0	0	0	0.0011418	0.000606563	
5	-0.00667728	0	0	0	0	-0.000477103	0	0	0	0	-0.000432672	0	0	0	0	-0.00041209	0	0	0	0	-0.000374597	0	0	0	0	0.000100459	0	0	0	0	0	-0.0017036	0	0	0	0	0	0	-0.00512926	0	0	0	0	0	0	-0.000882206	0	0	0	0	0	0	-0.000546881	0	0	0	0	0	0	0	0	0	0	0	0	0.00103573	0	0	0	0	0.00464638	
6	0.00456334	0.00296239	-5.3807e-05	-8.42138e-06	5.59373e-05	7.4939e-05	-1.08233e-05	-0.000114359	-1.76652e-05	8.71018e-06	2.58627e-05	-5.30953e-06	-5.63362e-05	-2.03871e-05	6.42116e-06	2.52158e-05	-5.66186e-06	-5.57415e-05	-5.75537e-06	1.22185e-05	2.82263e-05	0.000376011	9.06623e-05	-6.80872e-06	1.40832e-05	3.56664e-05	0	0	0	3.85331e-05	8.89992e-05	0.000129039	0	0	0	0	-0.000106561	-4.71394e-05	-7.92423e-05	0	0	0	0	-4.01245e-05	-2.64241e-05	-3.28996e-05	0	0	0	0	7.62835e-06	4.93277e-06	-7.10555e-06	0	0	0	0	0	0	0	0	-0.000845668	0.000416677	-4.99745e-05	5.15701e-05	7.10096e-05	1.60672e-05	0.000581609	3.89627e-05	-2.69194e-05	-0.000108146	
7	0.00643491	0	0.00298179	-7.00544e-06	0.00010177	0.000128013	0	-0.000190093	-1.98562e-05	1.83387e-05	4.42391e-05	0	-0.000134948	-2.24888e-05	1.46929e-05	4.35332e-05	0	-0.000135384	2.64551e-06	2.52777e-05	4.92019e-05	0	0.00019878	0.000103082	3.11232e-05	6.03098e-05	0	0	0	-0.000231083	0.000139166	0.000214119	0	0	0	0	-0.000648095	-9.82597e-05	-0.000141522	0	0	0	0	-0.000280844	-5.65535e-05	-5.55767e-05	0	0	0	0	-0.000163658	4.22269e-06	-6.60294e-06	0	0	0	0	0	0	0	0	0	-0.00122085	0.000341243	0.000115999	0.000122633	0	0.000758635	0.00015061	-4.76972e-05	-0.000185878	
8	0.00635932	0	0	0.00237387	0.000136264	0.000149479	0	0	-0.000142473	2.51294e-05	5.18392e-05	0	0	-0.000129968	2.4664e-05	5.11835e-05	0	0	-0.000112648	3.95553e-05	5.74696e-05	0	0	0.000184943	9.09769e-05	7.00658e-05	0	0	0	0.00376692	4.08997e-05	0.000242836	0	0	0	0	-0.00180636	-0.000414321	-0.000161793	0	0	0	0	-0.000324078	-0.000179002	-6.34219e-05	0	0	0	0	-0.000269954	-7.62602e-05	-8.13733e-06	0	0	0	0	0	0	0	0	0	0	-0.00138055	0.000308928	0.00014448	0	0	0.000346303	9.37706e-06	-0.000216666	
9	0.00839187	0	0	0	0.00258569	0.000285606	0	0	0	-0.000186494	9.17515e-05	0	0	0	-0.000178709	9.46412e-05	0	0	0	-0.00015318	0.000111415	0	0	0	0.000191852	0.000165707	0	0	0	0	0.00421259	0.000351365	0	0	0	0	0	-0.00249018	-0.000542627	0	0	0	0	0	-0.000486238	-0.000214548	0	0	0	0	0	-0.000347678	-5.3034e-05	0	0	0	0	0	0	0	0	0	0	0	-0.00115312	0.000387668	0	0	0	0.000359874	-0.000220126	
10	0.00919081	0	0	0	0	0.00269023	0	0	0	0	-0.000294669	0	0	0	0	-0.000286278	0	0	0	0	-0.00025686	0	0	0	0	0.000160165	0	0	0	0	0	0.00524652	0	0	0	0	0	0	-0.00333774	0	0	0	0	0	0	-0.000653333	0	0	0	0	0	0	-0.000411888	0	0	0	0	0	0	0	0	0	0	0	0	-0.000921833	0	0	0	0	0.000993381	
11	-0.00661256	1.08802e-05	0.000137007	3.61842e-05	-3.25123e-05	-5.14496e-05	0.00300268	0.000300005	8.23521e-05	3.46592e-05	1.13089e-05	1.10178e-05	0.000133835	1.80709e-05	1.27053e-05	4.00718e-06	1.064e-05	0.000132962	4.39356e-05	2.56018e-05	8.92153e-06	0.000324328	0.000305575	0.000120412	5.44657e-05	1.7468e-05	0	0	0	-0.000253394	-0.000196565	-0.000212387	0	0	0	0	0.000352372	0.000254117	0.000215094	0	0	0	0	-0.000215643	-0.00010335	-3.97024e-05	0	0	0	0	-0.000117197	-2.67771e-05	4.11758e-06	0	0	0	0	0	0	0	0	-0.000849822	0.00112788	0.00041115	0.000123199	1.74537e-05	-3.82217e-05	-0.000827166	-0.000105415	-3.32635e-05	-7.2346e-06	
12	-0.00923246	0	0.000179379	5.04602e-05	-6.07157e-05	-8.37519e-05	0	0.00351774	0.000111388	4.23534e-05	9.64831e-06	0	0.000176522	2.67072e-05	1.38038e-05	4.41996e-07	0	0.000174785	6.77254e-05	3.31142e-05	7.62201e-06	0	0.00046165	0.000285414	6.98192e-05	1.57567e-05	0	0	0	-0.000636389	-0.000283037	-0.000301094	0	0	0	0	-0.000231325	0.000304232	0.000280961	0	0	0	0	-0.000554331	-0.00014535	-4.86045e-05	0	0	0	0	-0.000359151	-2.87762e-05	1.54235e-05	0	0	0	0	0	0	0	0	0	-0.000163677	0.0010235	0.000155951	9.24388e-06	0	-0.00157774	-8.84838e-06	-3.10225e-05	1.12591e-05	
13	-0.00762681	0	0	0.000114675	-5.39772e-05	-8.1994e-05	0	0	0.00284475	5.32101e-05	1.07806e-05	0	0	9.91592e-05	2.47372e-05	2.10841e-06	0	0	0.00012915	5.22369e-05	9.8805e-06	0	0	0.000504991	0.000167021	1.69611e-05	0	0	0	-0.00132198	-0.000494425	-0.000300148	0	0	0	0	0.00537472	-0.000221673	0.000268514	0	0	0	0	-0.000615068	-0.000364046	-5.00586e-05	0	0	0	0	-0.000502289	-0.000168243	2.07436e-05	0	0	0	0	0	0	0	0	0	0	0.000320783	0.000457078	1.35369e-05	0	0	-0.000638384	8.67972e-05	6.74653e-06	
14	-0.0110505	0	0	0	6.30613e-05	-0.000136906	0	0	0	0.00303835	1.98216e-05	0	0	0	0.000164203	8.19098e-06	0	0	0	0.000216532	3.54284e-05	0	0	0	0.000744661	0.000114647	0	0	0	0	-0.00208182	-0.000717651	0	0	0	0	0	0.00611926	-8.09619e-05	0	0	0	0	0	-0.00107529	-0.000320987	0	0	0	0	0	-0.000762186	-4.12341e-05	0	0	0	0	0	0	0	0	0	0	0	0.000783419	0.000299161	0	0	0	-0.000641202	0.000393016	
15	-0.00971183	0	0	0	0	0.000299079	0	0	0	0	0.00347613	0	0	0	0	0.000419281	0	0	0	0	0.00048048	0	0	0	0	0.00109734	0	0	0	0	0	-0.00308277	0	0	0	0	0	0	0.00745603	0	0	0	0	0	0	-0.00144773	0	0	0	0	0	0	-0.000908377	0	0	0	0	0	0	0	0	0	0	0	0	0.000894673	0	0	0	0	-0.0022145	
16	0.00664023	-4.7959e-06	-7.57186e-05	-6.16912e-06	-5.86872e-06	-4.76362e-06	-8.04193e-06	-0.000125814	-1.64726e-05	-2.31412e-06	-1.83766e-07	0.00296301	-7.0934e-05	3.37688e-05	2.5235e-05	1.25805e-05	-6.92233e-06	-0.000119826	-2.10241e-05	-4.16408e-06	-1.50358e-06	0.000194798	5.96414e-05	-1.37972e-05	-3.69747e-06	-8.34986e-07	0	0	0	2.21858e-05	4.59401e-07	-1.01206e-05	0	0	0	0	-0.000104237	-3.86621e-05	-2.01802e-05	0	0	0	0	0.000142962	0.000123299	8.00143e-05	0	0	0	0	-5.40011e-05	-3.10753e-05	-2.27807e-05	0	0	0	0	0	0	0	0	-0.00087309	0.000361069	-3.90852e-05	-1.63818e-06	1.78591e-06	1.43426e-05	0.000751477	2.73245e-05	-2.38774e-06	-2.14177e-06	
17	0.00755028	0	-0.000124387	1.03219e-08	-4.43397e-06	-1.92637e-07	0	-0.000151912	-1.34525e-05	1.91309e-06	4.22484e-06	0	0.00300489	9.89286e-05	5.77194e-05	2.884e-05	0	-0.000176371	-2.98752e-05	-4.87572e-06	1.48058e-07	0	6.22716e-05	8.61204e-05	4.87846e-06	4.44787e-06	0	0	0	-0.000167013	-1.12103e-05	-1.10131e-05	0	0	0	0	-0.000545315	-6.12017e-05	-2.64446e-05	0	0	0	0	-7.63989e-05	0.000229846	0.000150237	0	0	0	0	-0.000380675	-8.4423e-05	-5.31804e-05	0	0	0	0	0	0	0	0	0	-0.00120031	0.000422509	3.33138e-05	1.44226e-05	0	0.000694678	0.000129961	-9.02027e-06	-1.97178e-05	
18	0.00626385	0	0	-8.00653e-05	-5.78859e-06	1.76832e-06	0	0	-8.94931e-05	2.84592e-07	6.21945e-06	0	0	0.00231068	7.11928e-05	3.87561e-05	0	0	-0.000123855	-1.03191e-05	1.7985e-07	0	0	8.10702e-05	4.63999e-05	6.89512e-06	0	0	0	-0.000240094	-9.30372e-05	-1.11689e-05	0	0	0	0	-0.000693815	-0.000288922	-2.83644e-05	0	0	0	0	0.00420259	9.40814e-05	0.000195337	0	0	0	0	-0.000874441	-0.000250842	-7.31617e-05	0	0	0	0	0	0	0	0	0	0	-0.0010495	0.000186238	2.01731e-05	0	0	0.000186379	7.96529e-05	-2.86936e-05	
19	0.00794079	0	0	0	-0.000130577	-3.18039e-05	0	0	0	-0.000121488	-2.41476e-05	0	0	0	0.00241759	3.34342e-05	0	0	0	-0.000161259	-3.81351e-05	0	0	0	8.83889e-05	7.79228e-06	0	0	0	0	-0.00034028	-7.41748e-05	0	0	0	0	0	-0.00100401	-0.000210782	0	0	0	0	0	0.00489059	0.000184752	0	0	0	0	0	-0.0013013	-0.000245299	0	0	0	0	0	0	0	0	0	0	0	-0.000818813	8.88553e-05	0	0	0	0.000211718	0.000287766	
20	0.00712195	0	0	0	0	-0.00022616	0	0	0	0	-0.000216446	0	0	0	0	0.00251964	0	0	0	0	-0.000258635	0	0	0	0	2.6039e-05	0	0	0	0	0	-0.000455438	0	0	0	0	0	0	-0.00121099	0	0	0	0	0	0	0.0059741	0	0	0	0	0	0	-0.00173062	0	0	0	0	0	0	0	0	0	0	0	0	-0.00071851	0	0	0	0	0.000708435	
21	0.00892242	-4.40469e-06	-6.5027e-05	-1.84637e-05	-1.25499e-05	-7.11577e-06	-1.02624e-05	-0.000150915	-3.70362e-05	-1.23203e-05	-6.14936e-06	-4.55107e-06	-7.45207e-05	-6.97441e-05	-2.84036e-05	-1.26726e-05	0.00296519	-5.30624e-05	-4.55374e-06	4.54498e-07	-6.77753e-07	0.000435129	0.000128711	-2.03568e-05	-1.40245e-05	-6.76446e-06	0	0	0	2.59349e-05	1.62915e-05	7.31786e-06	0	0	0	0	-0.000230598	-6.82727e-05	-3.83898e-05	0	0	0	0	-0.000144723	-8.08652e-05	-4.9378e-05	0	0	0	0	7.66718e-05	7.11584e-05	3.99226e-05	0	0	0	0	0	0	0	0	-0.00125211	0.000683866	-0.000110116	-4.88386e-05	-1.35676e-05	1.21827e-05	0.000757305	8.39534e-05	1.8032e-05	1.93047e-05	
22	0.00793296	0	-4.54273e-05	-2.12342e-05	-2.19892e-05	-1.06485e-05	0	-9.39902e-05	-4.43575e-05	-1.61862e-05	-1.01667e-05	0	-5.71583e-05	-0.00010056	-4.5376e-05	-2.26129e-05	0	0.00311779	2.13614e-06	-6.57834e-07	-5.29752e-06	0	0.000282305	0.000130427	-1.20889e-05	-1.1014e-05	0	0	0	-0.000278335	2.51675e-06	1.46298e-05	0	0	0	0	-0.000923047	-8.55314e-05	-2.97431e-05	0	0	0	0	-0.000688648	-0.00014785	-7.5214e-05	0	0	0	0	-0.000263729	8.018e-05	4.4043e-05	0	0	0	0	0	0	0	0	0	-0.00116536	0.00046503	-5.62658e-05	-2.54958e-05	0	3.3225e-05	0.000278551	3.62741e-05	3.67187e-05	
23	0.00668279	0	0	-4.79338e-05	-3.44786e-05	-1.52118e-05	0	0	-6.62322e-05	-2.59509e-05	-1.32062e-05	0	0	-0.000104021	-5.75848e-05	-2.91935e-05	0	0	0.00254211	-1.07929e-05	-7.32129e-06	0	0	0.000286372	5.15804e-05	-1.35544e-05	0	0	0	-0.000490952	-0.000138769	1.47334e-05	0	0	0	0	-0.00135076	-0.000465929	-2.73318e-05	0	0	0	0	-0.0014619	-0.000416205	-9.67805e-05	0	0	0	0	0.00269094	-0.000144081	5.21053e-05	0	0	0	0	0	0	0	0	0	0	-0.000982705	0.000145676	-3.30639e-05	0	0	8.47661e-07	0.000194357	4.90506e-05	
24	0.00851249	0	0	0	-0.000123922	-0.000102225	0	0	0	-0.00010674	-9.41302e-05	0	0	0	-0.000160954	-0.000124317	0	0	0	0.00261756	-9.35962e-05	0	0	0	0.000332037	-4.36665e-05	0	0	0	0	-0.000686571	-7.39839e-05	0	0	0	0	0	-0.00196936	-0.000304064	0	0	0	0	0	-0.00226879	-0.000335486	0	0	0	0	0	0.00299381	-0.000140667	0	0	0	0	0	0	0	0	0	0	0	-0.000767996	-9.3239e-06	0	0	0	0.000106663	0.000693794	
25	0.0068429	0	0	0	0	-0.000207647	0	0	0	0	-0.000190591	0	0	0	0	-0.00023672	0	0	0	0	0.0027194	0	0	0	0	0.000297819	0	0	0	0	0	-0.000894747	0	0	0	0	0	0	-0.00233985	0	0	0	0	0	0	-0.0030446	0	0	0	0	0	0	0.00351778	0	0	0	0	0	0	0	0	0	0	0	0	-0.000704139	0	0	0	0	0.000478541	
26	0.00917685	0	0	0.00333333	0.00333333	0.00333333	0	0	0	0	0	0	0	0	0	0	0	0	0	0	0	0	0	0	0	0	0	0	0	0	0	0	0	0	0	0	0	0	0	0	0	0	0	0	0	0	0	0	0	0	0	0	0	0	0	0	0	0	0	0	0	0	0	0	0	0	0	0	0	0	0	
27	0.00217436	0	0	0	0	0	0	0	0	0	0	0	0	0	0	0	0	0	0	0	0	0	0	0	0	0	0	0	0	0.00381314	0.00325323	0.00326835	0	0	0	0	0	0	0	0	0	0	0	0	0	0	0	0	0	0	0	0	0	0	0	0	0	0	0	0	0	0	0	0	0	0	0	0	0	0	0	
28	0.00917685	0	0	0	0	0	0	0	0.00333333	0.00333333	0.00333333	0	0	0	0	0	0	0	0	0	0	0	0	0	0	0	0	0	0	0	0	0	0	0	0	0	0	0	0	0	0	0	0	0	0	0	0	0	0	0	0	0	0	0	0	0	0	0	0	0	0	0	0	0	0	0	0	0	0	0	0	
29	0.00217436	0	0	0	0	0	0	0	0	0	0	0	0	0	0	0	0	0	0	0	0	0	0	0	0	0	0	0	0	0	0	0	0	0	0	0	0.00885333	0.0091748	0.00912493	0	0	0	0	0	0	0	0	0	0	0	0	0	0	0	0	0	0	0	0	0	0	0	0	0	0	0	0	0	0	0	0	
30	0.0178711	0	0	0	0	0	0	0	0	0	0	0	0	0.00333333	0.00333333	0.00333333	0	0	0	0	0	0	0	0	0	0	0	0	0	0	0	0	0	0	0	0	0	0	0	0	0	0	0	0	0	0	0	0	0	0	0	0	0	0	0	0	0	0	0	0	0	0	0	0	0	0	0	0	0	0	0	
31	0.00601837	0	0	0	0	0	0	0	0	0	0	0	0	0	0	0	0	0	0	0	0	0	0	0	0	0	0	0	0	0	0	0	0	0	0	0	0	0	0	0	0	0	0	0.00535027	0.00515053	0.00513357	0	0	0	0	0	0	0	0	0	0	0	0	0	0	0	0	0	0	0	0	0	0	0	0	0	
32	0.026694	0	0	0	0	0	0	0	0	0	0	0	0	0	0	0	0	0	0.00333333	0.00333333	0.00333333	0	0	0	0	0	0	0	0	0	0	0	0	0	0	0	0	0	0	0	0	0	0	0	0	0	0	0	0	0	0	0	0	0	0	0	0	0	0	0	0	0	0	0	0	0	0	0	0	0	0	
33	0.0031235	0	0	0	0	0	0	0	0	0	0	0	0	0	0	0	0	0	0	0	0	0	0	0	0	0	0	0	0	0	0	0	0	0	0	0	0	0	0	0	0	0	0	0	0	0	0	0	0	0	0.00226526	0.00221117	0.00215085	0	0	0	0	0	0	0	0	0	0	0	0	0	0	0	0	0	0	
34	-0.113493	0	0	0.129871	0.182738	-5.55112e-13	0	0	0.129871	0.182738	0	0	0	0.129871	0.182738	-6.4763e-13	0	0	0.129871	0.182738	0	0	0	0.0962665	0.144903	-1.85037e-13	0	0	0	0	0	0	0	0	0	0	0	0	0	0	0	0	0	0	0	0	0	0	0	0	0	0	0	0	0	0	0	0	0	0	0	0	0	0	0	0	0	0	-0.830072	-1.10366	-3.70074e-13	
35	0.0200814	0	0	0	0	0.00083675	0	0	0	0	0.00083675	0	0	0	0	0.00083675	0	0	0	0	0.00083675	0	0	0	0	0.000698837	0	0	0	0	0	0	0	0	0	0	0	0	0	0	0	0	0	0	0	0	0	0	0	0	0	0	0	0	0	0	0	0	0	0	0	0	0	0	0	0	0	0	0	0	-0.00666667	

 ------ GRADIENTS FOR IPOPT -----------
VAR #	 OBJ 	CON1	CON2	CON3	CON4	CON5	CON6	CON7	CON8	CON9	CON10	CON11	CON12	CON13	CON14	CON15	CON16	CON17	CON18	CON19	CON20	CON21	CON22	CON23	CON24	CON25	CON26	CON27	CON28	CON29	CON30	CON31	CON32	CON33	CON34	CON35	CON36	CON37	CON38	CON39	CON40	CON41	CON42	CON43	CON44	CON45	CON46	CON47	CON48	CON49	CON50	CON51	CON52	CON53	CON54	CON55	CON56	CON57	CON58	CON59	CON60	CON61	CON62	CON63	CON64	CON65	CON66	CON67	CON68	CON69	CON70	
1	-0.0197313	-1.78233e-05	-0.000255157	-5.00792e-05	-0.000188656	-0.00015959	-4.08504e-05	-0.000547045	-0.000123306	-0.000128488	-8.21683e-05	-1.76131e-05	-0.000259343	-6.52344e-05	-0.00010493	-7.19033e-05	-1.83608e-05	-0.000260011	-5.00244e-05	-0.00010542	-7.56519e-05	0.000588268	1.35711e-05	-0.000123168	-0.000140392	-0.000104298	0	0	0	0.000201857	-1.66448e-05	-0.000153075	0	0	0	0	-0.000612135	-0.000208165	-2.1819e-05	0	0	0	0	0.000110913	0.000108209	8.91555e-05	0	0	0	0	0.00014166	9.48831e-05	5.15028e-05	0	0	0	0	0	0	0	0	0.00272719	0.000255886	-0.000494109	-0.000318244	-0.000204118	6.21651e-05	0.0022444	0.000174614	0.00042498	0.000294198	
2	-0.0126689	0	-0.000189574	-4.14099e-05	-0.000158392	-0.000133657	0	-0.000372018	-0.000110796	-0.000101009	-6.23622e-05	0	-0.000193801	-6.72967e-05	-8.50819e-05	-5.39365e-05	0	-0.000195466	-2.64383e-05	-7.44069e-05	-5.28098e-05	0	0.000335225	0.000109368	-9.64733e-05	-7.43454e-05	0	0	0	-0.000319307	-4.56531e-05	-0.000150293	0	0	0	0	-0.00155572	-0.000185906	-9.00115e-06	0	0	0	0	-0.000425138	3.17643e-05	5.05945e-05	0	0	0	0	-0.000232536	8.71707e-05	5.6989e-05	0	0	0	0	0	0	0	0	0	0.00171885	0.000339857	-0.000219941	-0.000152046	0	0.00212413	0.000332983	0.000346108	0.000224429	
3	-0.00980518	0	0	-5.38215e-05	-0.00020153	-0.000113023	0	0	-0.000117174	-0.000160244	-5.95447e-05	0	0	-6.9677e-05	-0.000136631	-4.89057e-05	0	0	-3.85287e-05	-0.000117505	-4.68825e-05	0	0	0.000375648	-4.98714e-05	-6.8385e-05	0	0	0	-0.00123008	-0.000223777	-0.000105633	0	0	0	0	-0.00438852	-0.000762552	-5.76331e-05	0	0	0	0	-0.000638699	-0.000196521	4.56202e-05	0	0	0	0	-0.000515085	-5.59592e-05	6.12255e-05	0	0	0	0	0	0	0	0	0	0	0.00146302	6.61776e-05	-0.000138536	0	0	0.000690535	0.000806983	0.000204884	
4	-0.00991834	0	0	0	-0.000658581	-0.000170651	0	0	0	-0.000618438	-0.000100907	0	0	0	-0.000588421	-7.52615e-05	0	0	0	-0.000548316	-6.14372e-05	0	0	0	-1.13889e-05	-4.66877e-05	0	0	0	0	-0.00145156	-0.000289543	0	0	0	0	0	-0.00504025	-0.000502993	0	0	0	0	0	-0.000821375	-0.000102419	0	0	0	0	0	-0.00057545	4.58431e-05	0	0	0	0	0	0	0	0	0	0	0	0.00129964	-2.8216e-05	0	0	0	0.00402028	0.000606716	
5	-0.00667714	0	0	0	0	-0.00047736	0	0	0	0	-0.000432824	0	0	0	0	-0.000412299	0	0	0	0	-0.000374806	0	0	0	0	0.000100286	0	0	0	0	0	-0.00170402	0	0	0	0	0	0	-0.0051247	0	0	0	0	0	0	-0.000882251	0	0	0	0	0	0	-0.00054684	0	0	0	0	0	0	0	0	0	0	0	0	0.00103572	0	0	0	0	0.0046464	
6	0.00451136	0.00296253	-5.38121e-05	-7.36084e-06	6.7738e-05	7.49921e-05	-1.08221e-05	-0.000114371	-1.66086e-05	2.05013e-05	2.58798e-05	-5.30876e-06	-5.63411e-05	-1.93261e-05	1.82172e-05	2.5238e-05	-5.6612e-06	-5.57459e-05	-4.69513e-06	2.40145e-05	2.82489e-05	0.00037603	9.06515e-05	-6.02256e-06	2.33938e-05	3.56912e-05	0	0	0	3.85509e-05	8.90278e-05	0.000129223	0	0	0	0	-0.000106508	-4.71386e-05	-7.93071e-05	0	0	0	0	-4.01167e-05	-2.64178e-05	-3.29102e-05	0	0	0	0	7.63477e-06	4.93756e-06	-7.11296e-06	0	0	0	0	0	0	0	0	-0.000845668	0.000416698	-4.99999e-05	5.15781e-05	7.10574e-05	1.60655e-05	0.000581592	3.20165e-05	-9.48022e-05	-0.000108237	
7	0.00633458	0	0.00298154	-6.13627e-06	0.000122585	0.000128077	0	-0.000190089	-1.89907e-05	3.91457e-05	4.42625e-05	0	-0.000134942	-2.16194e-05	3.55074e-05	4.35651e-05	0	-0.000135378	3.51389e-06	4.60928e-05	4.92345e-05	0	0.000198769	0.000102683	4.75295e-05	6.03441e-05	0	0	0	-0.000231072	0.000139191	0.000214362	0	0	0	0	-0.000647584	-9.82211e-05	-0.00014158	0	0	0	0	-0.000280841	-5.65482e-05	-5.55903e-05	0	0	0	0	-0.000163654	4.22999e-06	-6.61062e-06	0	0	0	0	0	0	0	0	0	-0.00122078	0.00034123	0.000116021	0.000122699	0	0.000758543	0.000123731	-0.00016798	-0.000186003	
8	0.00634159	0	0	0.00236647	0.000131002	0.000149551	0	0	-0.000127345	1.98628e-05	5.18689e-05	0	0	-0.000114843	1.94027e-05	5.12227e-05	0	0	-9.75231e-05	3.42942e-05	5.75099e-05	0	0	0.00019352	8.64044e-05	7.01085e-05	0	0	0	0.00376703	4.09157e-05	0.000243098	0	0	0	0	-0.00180487	-0.000414032	-0.000161843	0	0	0	0	-0.000324091	-0.000179006	-6.34413e-05	0	0	0	0	-0.000269963	-7.62586e-05	-8.1449e-06	0	0	0	0	0	0	0	0	0	0	-0.00138056	0.000308973	0.000144563	0	0	0.000284485	3.29756e-05	-0.000216819	
9	0.00902674	0	0	0	0.00241585	0.000285713	0	0	0	-0.000342395	9.17903e-05	0	0	0	-0.000334652	9.46977e-05	0	0	0	-0.000309127	0.000111475	0	0	0	6.63365e-05	0.000165773	0	0	0	0	0.00421283	0.000351804	0	0	0	0	0	-0.00248822	-0.000542524	0	0	0	0	0	-0.000486283	-0.000214595	0	0	0	0	0	-0.000347694	-5.30475e-05	0	0	0	0	0	0	0	0	0	0	0	-0.00115305	0.000387819	0	0	0	0.00126701	-0.000220367	
10	0.00918779	0	0	0	0	0.00269061	0	0	0	0	-0.000294536	0	0	0	0	-0.000286182	0	0	0	0	-0.000256759	0	0	0	0	0.000160306	0	0	0	0	0	0.00524738	0	0	0	0	0	0	-0.00333545	0	0	0	0	0	0	-0.000653466	0	0	0	0	0	0	-0.000411922	0	0	0	0	0	0	0	0	0	0	0	0	-0.000921547	0	0	0	0	0.000992825	
11	-0.00666025	1.08788e-05	0.000137011	3.16385e-05	-1.8161e-05	-5.15063e-05	0.00300276	0.00030002	7.78126e-05	4.90071e-05	1.12856e-05	1.10163e-05	0.000133839	1.35251e-05	2.7054e-05	3.98174e-06	1.06388e-05	0.000132966	3.93896e-05	3.99511e-05	8.89546e-06	0.000324339	0.000305572	0.000116148	6.56052e-05	1.74342e-05	0	0	0	-0.000253408	-0.000196561	-0.000212565	0	0	0	0	0.000352122	0.000253887	0.000215024	0	0	0	0	-0.000215652	-0.000103353	-3.96872e-05	0	0	0	0	-0.000117203	-2.67744e-05	4.13082e-06	0	0	0	0	0	0	0	0	-0.000849818	0.00112784	0.00041117	0.000123172	1.73885e-05	-3.82175e-05	-0.000827128	-8.66079e-05	-0.000117077	-7.11679e-06	
12	-0.00928438	0	0.000179381	4.40884e-05	-4.74809e-05	-8.38249e-05	0	0.00351727	0.000105021	5.5578e-05	9.61467e-06	0	0.000176523	2.03356e-05	2.70306e-05	4.05743e-07	0	0.000174787	6.13518e-05	4.63412e-05	7.58454e-06	0	0.000461632	0.000278306	7.99889e-05	1.57081e-05	0	0	0	-0.000636386	-0.000283015	-0.000301326	0	0	0	0	-0.000231077	0.000303925	0.000280858	0	0	0	0	-0.000554324	-0.000145345	-4.85792e-05	0	0	0	0	-0.000359145	-2.87676e-05	1.54431e-05	0	0	0	0	0	0	0	0	0	-0.000163731	0.00102349	0.0001559	9.15137e-06	0	-0.0015776	-7.2821e-06	-0.000109151	1.1424e-05	
13	-0.00741023	0	0	0.000100268	-9.42189e-05	-8.20703e-05	0	0	0.00280745	1.29658e-05	1.07465e-05	0	0	8.47513e-05	-1.55126e-05	2.07257e-06	0	0	0.00011474	1.19847e-05	9.84319e-06	0	0	0.000490255	0.000134266	1.69121e-05	0	0	0	-0.00132192	-0.000494407	-0.000300388	0	0	0	0	0.00537011	-0.000221509	0.000268418	0	0	0	0	-0.000615048	-0.000364037	-5.00315e-05	0	0	0	0	-0.000502269	-0.000168236	2.07659e-05	0	0	0	0	0	0	0	0	0	0	0.000320726	0.000457033	1.34443e-05	0	0	-0.000524409	0.00030567	6.91422e-06	
14	-0.012183	0	0	0	0.000345636	-0.000137047	0	0	0	0.00330572	1.97457e-05	0	0	0	0.000446751	8.10829e-06	0	0	0	0.000499083	3.53426e-05	0	0	0	0.00096511	0.000114541	0	0	0	0	-0.00208174	-0.000718031	0	0	0	0	0	0.0061139	-8.06718e-05	0	0	0	0	0	-0.00107525	-0.000320938	0	0	0	0	0	-0.000762123	-4.11934e-05	0	0	0	0	0	0	0	0	0	0	0	0.000783309	0.000298993	0	0	0	-0.00225755	0.000393278	
15	-0.00970914	0	0	0	0	0.000298988	0	0	0	0	0.00347521	0	0	0	0	0.00041925	0	0	0	0	0.000480451	0	0	0	0	0.00109721	0	0	0	0	0	-0.00308327	0	0	0	0	0	0	0.00744987	0	0	0	0	0	0	-0.00144766	0	0	0	0	0	0	-0.000908216	0	0	0	0	0	0	0	0	0	0	0	0	0.000894416	0	0	0	0	-0.00221403	
16	0.00663342	-4.79534e-06	-7.57243e-05	-5.40083e-06	-4.80335e-06	-4.76e-06	-8.0411e-06	-0.000125824	-1.57071e-05	-1.24997e-06	-1.8553e-07	0.00296314	-7.09398e-05	3.45376e-05	2.6301e-05	1.25796e-05	-6.92174e-06	-0.000119831	-2.02569e-05	-3.09958e-06	-1.5055e-06	0.00019481	5.96312e-05	-1.31425e-05	-2.8322e-06	-8.37048e-07	0	0	0	2.21939e-05	4.61389e-07	-1.0111e-05	0	0	0	0	-0.000104169	-3.8638e-05	-2.01783e-05	0	0	0	0	0.000142974	0.000123308	8.00253e-05	0	0	0	0	-5.40011e-05	-3.10754e-05	-2.27827e-05	0	0	0	0	0	0	0	0	-0.000873091	0.000361096	-3.91022e-05	-1.64688e-06	1.7825e-06	1.43416e-05	0.000751449	2.24529e-05	-8.39648e-06	-2.13756e-06	
17	0.00752154	0	-0.000124386	-1.44636e-08	-5.41656e-07	-1.8194e-07	0	-0.000151909	-1.34795e-05	5.80252e-06	4.2252e-06	0	0.00300465	9.89025e-05	6.16103e-05	2.88407e-05	0	-0.000176369	-2.9901e-05	-9.84912e-07	1.48919e-07	0	6.22622e-05	8.52731e-05	7.95585e-06	4.4493e-06	0	0	0	-0.000167011	-1.12085e-05	-1.09901e-05	0	0	0	0	-0.000544863	-6.1159e-05	-2.64442e-05	0	0	0	0	-7.63911e-05	0.000229848	0.000150244	0	0	0	0	-0.000380676	-8.44226e-05	-5.31828e-05	0	0	0	0	0	0	0	0	0	-0.00120026	0.000422505	3.33069e-05	1.44247e-05	0	0.000694624	0.000106762	-3.17493e-05	-1.97236e-05	
18	0.00638724	0	0	-7.00689e-05	-4.18889e-05	1.78011e-06	0	0	-7.94932e-05	-3.58122e-05	6.21935e-06	0	0	0.00229819	3.50928e-05	3.87562e-05	0	0	-0.00011386	-4.64218e-05	1.80372e-07	0	0	8.71336e-05	1.75272e-05	6.89646e-06	0	0	0	-0.000240102	-9.3041e-05	-1.11408e-05	0	0	0	0	-0.00069324	-0.000288693	-2.83634e-05	0	0	0	0	0.00420267	9.40771e-05	0.000195346	0	0	0	0	-0.00087446	-0.000250849	-7.31658e-05	0	0	0	0	0	0	0	0	0	0	-0.00104952	0.000186238	2.01737e-05	0	0	0.000153113	0.000280486	-2.86991e-05	
19	0.0083159	0	0	0	-0.000221858	-3.1797e-05	0	0	0	-0.000212736	-2.41567e-05	0	0	0	0.00231232	3.34262e-05	0	0	0	-0.000252543	-3.81498e-05	0	0	0	1.49881e-05	7.78548e-06	0	0	0	0	-0.000340311	-7.41343e-05	0	0	0	0	0	-0.00100318	-0.000210652	0	0	0	0	0	0.0048907	0.000184792	0	0	0	0	0	-0.00130133	-0.000245325	0	0	0	0	0	0	0	0	0	0	0	-0.000818839	8.88651e-05	0	0	0	0.000745513	0.000287759	
20	0.0071223	0	0	0	0	-0.00022618	0	0	0	0	-0.000216442	0	0	0	0	0.00251974	0	0	0	0	-0.000258674	0	0	0	0	2.602e-05	0	0	0	0	0	-0.000455485	0	0	0	0	0	0	-0.00121	0	0	0	0	0	0	0.00597418	0	0	0	0	0	0	-0.00173063	0	0	0	0	0	0	0	0	0	0	0	0	-0.000718544	0	0	0	0	0.000708481	
21	0.00894637	-4.40403e-06	-6.50327e-05	-1.61612e-05	-2.04013e-05	-7.10091e-06	-1.02613e-05	-0.000150931	-3.47384e-05	-2.01711e-05	-6.14835e-06	-4.55043e-06	-7.45261e-05	-6.74416e-05	-3.62548e-05	-1.26713e-05	0.00296542	-5.30669e-05	-2.25117e-06	-7.39631e-06	-6.7644e-07	0.000435157	0.000128701	-1.85906e-05	-2.0206e-05	-6.76275e-06	0	0	0	2.59472e-05	1.6295e-05	7.36226e-06	0	0	0	0	-0.000230446	-6.82354e-05	-3.84006e-05	0	0	0	0	-0.000144719	-8.08604e-05	-4.9377e-05	0	0	0	0	7.6683e-05	7.11666e-05	3.99243e-05	0	0	0	0	0	0	0	0	-0.00125212	0.00068391	-0.000110142	-4.88481e-05	-1.35632e-05	1.21815e-05	0.000757278	6.89775e-05	6.35041e-05	1.92942e-05	
22	0.00797005	0	-4.54156e-05	-1.86188e-05	-3.79292e-05	-1.0621e-05	0	-9.39807e-05	-4.17449e-05	-3.21242e-05	-1.01611e-05	0	-5.7146e-05	-9.79442e-05	-6.13154e-05	-2.26071e-05	0	0.00311753	4.75003e-06	-1.65989e-05	-5.2924e-06	0	0.000282301	0.000130961	-2.47119e-05	-1.1006e-05	0	0	0	-0.000278335	2.51958e-06	1.47025e-05	0	0	0	0	-0.000922294	-8.5478e-05	-2.97734e-05	0	0	0	0	-0.000688646	-0.000147841	-7.52139e-05	0	0	0	0	-0.000263726	8.01812e-05	4.40396e-05	0	0	0	0	0	0	0	0	0	-0.00116531	0.000465023	-5.62736e-05	-2.54804e-05	0	3.31517e-05	0.000228832	0.00012774	3.66886e-05	
23	0.00702674	0	0	-4.19609e-05	-0.000121451	-1.51794e-05	0	0	-6.02587e-05	-0.00011291	-1.32003e-05	0	0	-9.80484e-05	-0.000144557	-2.91879e-05	0	0	0.0025256	-9.77658e-05	-7.31636e-06	0	0	0.000287708	-1.77615e-05	-1.35455e-05	0	0	0	-0.000490965	-0.000138777	1.48221e-05	0	0	0	0	-0.00134963	-0.000465572	-2.73712e-05	0	0	0	0	-0.00146192	-0.000416215	-9.67838e-05	0	0	0	0	0.00269099	-0.00014408	5.20993e-05	0	0	0	0	0	0	0	0	0	0	-0.000982717	0.000145682	-3.30475e-05	0	0	6.92089e-07	0.000684372	4.90184e-05	
24	0.00870158	0	0	0	-0.00016866	-0.000102187	0	0	0	-0.000151459	-9.41319e-05	0	0	0	-0.000205693	-0.000124331	0	0	0	0.00255888	-9.36057e-05	0	0	0	0.000294224	-4.36631e-05	0	0	0	0	-0.000686626	-7.3841e-05	0	0	0	0	0	-0.00196774	-0.00030394	0	0	0	0	0	-0.00226884	-0.00033553	0	0	0	0	0	0.00299389	-0.000140658	0	0	0	0	0	0	0	0	0	0	0	-0.000768056	-9.27837e-06	0	0	0	0.000375651	0.000693728	
25	0.006844	0	0	0	0	-0.000207661	0	0	0	0	-0.000190612	0	0	0	0	-0.000236766	0	0	0	0	0.0027195	0	0	0	0	0.000297762	0	0	0	0	0	-0.000894763	0	0	0	0	0	0	-0.00233788	0	0	0	0	0	0	-0.00304456	0	0	0	0	0	0	0.00351775	0	0	0	0	0	0	0	0	0	0	0	0	-0.000704246	0	0	0	0	0.000478716	
26	0.00917687	0	0	0.00333342	0.00333352	0.00333351	0	0	0	0	0	0	0	0	0	0	0	0	0	0	0	0	0	0	0	0	0	0	0	0	0	0	0	0	0	0	0	0	0	0	0	0	0	0	0	0	0	0	0	0	0	0	0	0	0	0	0	0	0	0	0	0	0	0	0	0	0	0	0	0	0	
27	0.00217439	0	0	0	0	0	0	0	0	0	0	0	0	0	0	0	0	0	0	0	0	0	0	0	0	0	0	0	0	0.00381365	0.00325426	0.00327005	0	0	0	0	0	0	0	0	0	0	0	0	0	0	0	0	0	0	0	0	0	0	0	0	0	0	0	0	0	0	0	0	0	0	0	0	0	0	0	
28	0.00919204	0	0	0	0	0	0	0	0.0033332	0.00333299	0.00333296	0	0	0	0	0	0	0	0	0	0	0	0	0	0	0	0	0	0	0	0	0	0	0	0	0	0	0	0	0	0	0	0	0	0	0	0	0	0	0	0	0	0	0	0	0	0	0	0	0	0	0	0	0	0	0	0	0	0	0	0	
29	0.0021763	0	0	0	0	0	0	0	0	0	0	0	0	0	0	0	0	0	0	0	0	0	0	0	0	0	0	0	0	0	0	0	0	0	0	0	0.00883767	0.00915623	0.00910573	0	0	0	0	0	0	0	0	0	0	0	0	0	0	0	0	0	0	0	0	0	0	0	0	0	0	0	0	0	0	0	0	
30	0.0178665	0	0	0	0	0	0	0	0	0	0	0	0	0.0033334	0.00333343	0.00333342	0	0	0	0	0	0	0	0	0	0	0	0	0	0	0	0	0	0	0	0	0	0	0	0	0	0	0	0	0	0	0	0	0	0	0	0	0	0	0	0	0	0	0	0	0	0	0	0	0	0	0	0	0	0	0	
31	0.00601635	0	0	0	0	0	0	0	0	0	0	0	0	0	0	0	0	0	0	0	0	0	0	0	0	0	0	0	0	0	0	0	0	0	0	0	0	0	0	0	0	0	0	0.00535063	0.00515084	0.00513409	0	0	0	0	0	0	0	0	0	0	0	0	0	0	0	0	0	0	0	0	0	0	0	0	0	
32	0.0266873	0	0	0	0	0	0	0	0	0	0	0	0	0	0	0	0	0	0.00333341	0.00333349	0.00333344	0	0	0	0	0	0	0	0	0	0	0	0	0	0	0	0	0	0	0	0	0	0	0	0	0	0	0	0	0	0	0	0	0	0	0	0	0	0	0	0	0	0	0	0	0	0	0	0	0	0	
33	0.0031225	0	0	0	0	0	0	0	0	0	0	0	0	0	0	0	0	0	0	0	0	0	0	0	0	0	0	0	0	0	0	0	0	0	0	0	0	0	0	0	0	0	0	0	0	0	0	0	0	0	0.00226543	0.0022114	0.00215106	0	0	0	0	0	0	0	0	0	0	0	0	0	0	0	0	0	0	
34	1.60221	0	0	0.138361	0	-6.4763e-13	0	0	0.138352	0	-6.01371e-13	0	0	0.13836	0	-5.55112e-13	0	0	0.138361	0	0	0	0	0.102557	0	-1.85037e-13	0	0	0	0	0	0	0	0	0	0	0	0	0	0	0	0	0	0	0	0	0	0	0	0	0	0	0	0	0	0	0	0	0	0	0	0	0	0	0	0	0	0	-0.830004	0	-7.40149e-13	
35	0.0153969	0	0	0	0.00115682	0.000837038	0	0	0	0.00115663	0.000836898	0	0	0	0.00115679	0.000837015	0	0	0	0.00115681	0.000837021	0	0	0	0.00091725	0.000699032	0	0	0	0	0	0	0	0	0	0	0	0	0	0	0	0	0	0	0	0	0	0	0	0	0	0	0	0	0	0	0	0	0	0	0	0	0	0	0	0	0	0	0	-0.00666667	-0.00666667	

 ------ GRADIENTS FOR IPOPT -----------
VAR #	 OBJ 	CON1	CON2	CON3	CON4	CON5	CON6	CON7	CON8	CON9	CON10	CON11	CON12	CON13	CON14	CON15	CON16	CON17	CON18	CON19	CON20	CON21	CON22	CON23	CON24	CON25	CON26	CON27	CON28	CON29	CON30	CON31	CON32	CON33	CON34	CON35	CON36	CON37	CON38	CON39	CON40	CON41	CON42	CON43	CON44	CON45	CON46	CON47	CON48	CON49	CON50	CON51	CON52	CON53	CON54	CON55	CON56	CON57	CON58	CON59	CON60	CON61	CON62	CON63	CON64	CON65	CON66	CON67	CON68	CON69	CON70	
1	-0.0197355	-1.78204e-05	-0.000255187	-4.93859e-05	-0.000188505	-0.000159696	-4.08445e-05	-0.000547168	-0.000122644	-0.000128415	-8.22084e-05	-1.76101e-05	-0.000259372	-6.45368e-05	-0.000104869	-7.19489e-05	-1.83587e-05	-0.000260037	-4.93333e-05	-0.000105359	-7.56984e-05	0.000588322	1.3472e-05	-0.000122602	-0.000140306	-0.000104338	0	0	0	0.000202049	-1.67116e-05	-0.000153434	0	0	0	0	-0.000611834	-0.000207636	-2.15338e-05	0	0	0	0	0.000110976	0.000108159	8.916e-05	0	0	0	0	0.000141705	9.48345e-05	5.15074e-05	0	0	0	0	0	0	0	0	0.00272735	0.000256005	-0.000494317	-0.000318076	-0.000204205	6.21581e-05	0.0022441	0.000171195	0.000424645	0.000294384	
2	-0.0126756	0	-0.000189579	-4.08467e-05	-0.000158202	-0.00013377	0	-0.000372079	-0.000110261	-0.000100913	-6.24064e-05	0	-0.000193804	-6.67356e-05	-8.49988e-05	-5.39821e-05	0	-0.00019547	-2.5877e-05	-7.43196e-05	-5.28542e-05	0	0.000335201	0.000109658	-9.63511e-05	-7.43871e-05	0	0	0	-0.000319174	-4.57559e-05	-0.000150653	0	0	0	0	-0.00155455	-0.000185283	-8.7706e-06	0	0	0	0	-0.00042514	3.16723e-05	5.05908e-05	0	0	0	0	-0.000232529	8.71077e-05	5.70053e-05	0	0	0	0	0	0	0	0	0	0.00171907	0.000339755	-0.00021971	-0.000152133	0	0.00212373	0.000326404	0.000345672	0.000224634	
3	-0.00981552	0	0	-5.30816e-05	-0.000201426	-0.000113106	0	0	-0.000116445	-0.000160168	-5.9569e-05	0	0	-6.89382e-05	-0.000136582	-4.89322e-05	0	0	-3.77915e-05	-0.000117449	-4.69034e-05	0	0	0.000375811	-4.97374e-05	-6.83914e-05	0	0	0	-0.00123003	-0.000224055	-0.000105954	0	0	0	0	-0.00438433	-0.00076106	-5.737e-05	0	0	0	0	-0.000638708	-0.000196685	4.55702e-05	0	0	0	0	-0.000515097	-5.60747e-05	6.12335e-05	0	0	0	0	0	0	0	0	0	0	0.00146305	6.64416e-05	-0.000138562	0	0	0.000676748	0.000806506	0.000205023	
4	-0.00992277	0	0	0	-0.000658764	-0.000170713	0	0	0	-0.000618478	-0.000100942	0	0	0	-0.000588565	-7.53006e-05	0	0	0	-0.000548456	-6.14645e-05	0	0	0	-1.13432e-05	-4.66781e-05	0	0	0	0	-0.00145215	-0.000289816	0	0	0	0	0	-0.00503388	-0.000502382	0	0	0	0	0	-0.000821665	-0.000102553	0	0	0	0	0	-0.000575653	4.58279e-05	0	0	0	0	0	0	0	0	0	0	0	0.00129998	-2.81727e-05	0	0	0	0.00401948	0.000606854	
5	-0.00667794	0	0	0	0	-0.00047759	0	0	0	0	-0.000432985	0	0	0	0	-0.000412526	0	0	0	0	-0.000375034	0	0	0	0	0.000100115	0	0	0	0	0	-0.0017042	0	0	0	0	0	0	-0.0051196	0	0	0	0	0	0	-0.000882317	0	0	0	0	0	0	-0.000546837	0	0	0	0	0	0	0	0	0	0	0	0	0.0010358	0	0	0	0	0.00464623	
6	0.004511	0.00296291	-5.38194e-05	-7.25843e-06	6.76726e-05	7.50423e-05	-1.0821e-05	-0.000114401	-1.65135e-05	2.04748e-05	2.58945e-05	-5.30793e-06	-5.63476e-05	-1.92226e-05	1.81969e-05	2.52587e-05	-5.66069e-06	-5.57515e-05	-4.59376e-06	2.39938e-05	2.82706e-05	0.000376092	9.06238e-05	-5.96364e-06	2.33735e-05	3.57166e-05	0	0	0	3.85279e-05	8.9031e-05	0.000129408	0	0	0	0	-0.000106437	-4.70814e-05	-7.93689e-05	0	0	0	0	-4.00906e-05	-2.64125e-05	-3.29289e-05	0	0	0	0	7.65606e-06	4.93965e-06	-7.12313e-06	0	0	0	0	0	0	0	0	-0.000845649	0.000416749	-5.00372e-05	5.15006e-05	7.11043e-05	1.60646e-05	0.000581528	3.1389e-05	-9.47057e-05	-0.000108313	
7	0.00633203	0	0.00298058	-6.05243e-06	0.000122447	0.000128132	0	-0.000190089	-1.89121e-05	3.90961e-05	4.42784e-05	0	-0.00013493	-2.15345e-05	3.54676e-05	4.35915e-05	0	-0.000135365	3.59539e-06	4.60526e-05	4.92623e-05	0	0.000198726	0.000102624	4.74916e-05	6.03749e-05	0	0	0	-0.000231124	0.00013915	0.000214617	0	0	0	0	-0.000646904	-9.80775e-05	-0.000141645	0	0	0	0	-0.000280798	-5.65416e-05	-5.56131e-05	0	0	0	0	-0.000163623	4.23283e-06	-6.62247e-06	0	0	0	0	0	0	0	0	0	-0.00122053	0.000341201	0.000115883	0.000122755	0	0.000758277	0.000121255	-0.000167792	-0.000186093	
8	0.00633994	0	0	0.00236597	0.000130871	0.000149554	0	0	-0.00012583	1.97962e-05	5.18408e-05	0	0	-0.00011333	1.93468e-05	5.12174e-05	0	0	-9.60118e-05	3.42393e-05	5.75055e-05	0	0	0.000194393	8.63601e-05	7.00903e-05	0	0	0	0.00376709	4.09004e-05	0.000243357	0	0	0	0	-0.00180316	-0.000413646	-0.000162015	0	0	0	0	-0.000324093	-0.00017902	-6.34263e-05	0	0	0	0	-0.000269969	-7.62636e-05	-8.12467e-06	0	0	0	0	0	0	0	0	0	0	-0.00138055	0.000308874	0.000144532	0	0	0.000278806	3.31489e-05	-0.000216765	
9	0.00902511	0	0	0	0.00241602	0.000285679	0	0	0	-0.000342325	9.1787e-05	0	0	0	-0.000334636	9.47141e-05	0	0	0	-0.000309111	0.000111498	0	0	0	6.64208e-05	0.000165797	0	0	0	0	0.00421288	0.000351885	0	0	0	0	0	-0.00248543	-0.000542149	0	0	0	0	0	-0.000486415	-0.000214658	0	0	0	0	0	-0.000347782	-5.30528e-05	0	0	0	0	0	0	0	0	0	0	0	-0.00115298	0.000387899	0	0	0	0.00126678	-0.000220397	
10	0.00918666	0	0	0	0	0.00269084	0	0	0	0	-0.000294469	0	0	0	0	-0.000286158	0	0	0	0	-0.000256733	0	0	0	0	0.000160354	0	0	0	0	0	0.00524776	0	0	0	0	0	0	-0.00333245	0	0	0	0	0	0	-0.000653545	0	0	0	0	0	0	-0.000411938	0	0	0	0	0	0	0	0	0	0	0	0	-0.000921441	0	0	0	0	0.000992591	
11	-0.00665936	1.08773e-05	0.000137036	3.11904e-05	-1.81025e-05	-5.15371e-05	0.00300347	0.000300101	7.73801e-05	4.90143e-05	1.12743e-05	1.10148e-05	0.000133865	1.30754e-05	2.70625e-05	3.96641e-06	1.06377e-05	0.000132992	3.89405e-05	3.99607e-05	8.88004e-06	0.000324404	0.00030559	0.000115741	6.56062e-05	1.74128e-05	0	0	0	-0.000253401	-0.000196509	-0.000212687	0	0	0	0	0.000351885	0.000253519	0.000214928	0	0	0	0	-0.00021567	-0.000103352	-3.96756e-05	0	0	0	0	-0.000117216	-2.67659e-05	4.14149e-06	0	0	0	0	0	0	0	0	-0.000849834	0.00112783	0.000411212	0.000123213	1.73416e-05	-3.82151e-05	-0.000827086	-8.49072e-05	-0.000117095	-7.06068e-06	
12	-0.00928276	0	0.00017939	4.34497e-05	-4.73479e-05	-8.38738e-05	0	0.00351664	0.000104392	5.559e-05	9.59128e-06	0	0.000176534	1.96953e-05	2.70485e-05	3.77906e-07	0	0.000174797	6.07095e-05	4.63587e-05	7.55529e-06	0	0.000461626	0.000277601	7.99839e-05	1.5665e-05	0	0	0	-0.000636278	-0.000282866	-0.000301507	0	0	0	0	-0.000230791	0.00030335	0.000280728	0	0	0	0	-0.000554303	-0.00014532	-4.85454e-05	0	0	0	0	-0.000359133	-2.8742e-05	1.54642e-05	0	0	0	0	0	0	0	0	0	-0.000163833	0.00102344	0.000155974	9.06835e-06	0	-0.00157729	-7.15768e-06	-0.000109213	1.15261e-05	
13	-0.00740468	0	0	9.88229e-05	-9.41615e-05	-8.20459e-05	0	0	0.00280352	1.29599e-05	1.07833e-05	0	0	8.33051e-05	-1.55298e-05	2.09113e-06	0	0	0.000113291	1.19655e-05	9.86414e-06	0	0	0.000488757	0.000134235	1.69407e-05	0	0	0	-0.00132179	-0.000494307	-0.000300548	0	0	0	0	0.00536473	-0.000221473	0.000268431	0	0	0	0	-0.000614998	-0.000364009	-5.00613e-05	0	0	0	0	-0.000502234	-0.000168212	2.07545e-05	0	0	0	0	0	0	0	0	0	0	0.000320588	0.000457093	1.34865e-05	0	0	-0.000513902	0.000305574	6.81046e-06	
14	-0.0121785	0	0	0	0.000345644	-0.000137008	0	0	0	0.00330472	1.97175e-05	0	0	0	0.000446712	8.06513e-06	0	0	0	0.000499037	3.52947e-05	0	0	0	0.000964878	0.000114469	0	0	0	0	-0.00208119	-0.000717863	0	0	0	0	0	0.00610653	-8.05993e-05	0	0	0	0	0	-0.00107497	-0.000320866	0	0	0	0	0	-0.000761896	-4.11793e-05	0	0	0	0	0	0	0	0	0	0	0	0.000783004	0.000298899	0	0	0	-0.00225686	0.000393228	
15	-0.00970761	0	0	0	0	0.000299066	0	0	0	0	0.0034742	0	0	0	0	0.000419278	0	0	0	0	0.000480481	0	0	0	0	0.00109713	0	0	0	0	0	-0.00308321	0	0	0	0	0	0	0.00744243	0	0	0	0	0	0	-0.00144759	0	0	0	0	0	0	-0.000908095	0	0	0	0	0	0	0	0	0	0	0	0	0.000894267	0	0	0	0	-0.0022138	
16	0.00663278	-4.79442e-06	-7.57318e-05	-5.32836e-06	-4.79528e-06	-4.76657e-06	-8.04013e-06	-0.00012585	-1.56401e-05	-1.24912e-06	-1.91432e-07	0.0029635	-7.09482e-05	3.4611e-05	2.63048e-05	1.25752e-05	-6.92065e-06	-0.000119835	-2.01872e-05	-3.09924e-06	-1.51057e-06	0.000194847	5.96038e-05	-1.30859e-05	-2.83156e-06	-8.45624e-07	0	0	0	2.22214e-05	4.54583e-07	-1.01255e-05	0	0	0	0	-0.000104097	-3.85804e-05	-2.0184e-05	0	0	0	0	0.000142997	0.000123324	8.00401e-05	0	0	0	0	-5.40072e-05	-3.10826e-05	-2.27731e-05	0	0	0	0	0	0	0	0	-0.000873071	0.000361163	-3.91483e-05	-1.64726e-06	1.77104e-06	1.43402e-05	0.000751344	2.20191e-05	-8.40674e-06	-2.11603e-06	
17	0.00751879	0	-0.000124386	-2.01303e-08	-5.24621e-07	-1.87048e-07	0	-0.000151916	-1.34875e-05	5.80869e-06	4.22044e-06	0	0.00300367	9.88929e-05	6.16161e-05	2.88347e-05	0	-0.000176363	-2.99068e-05	-9.7717e-07	1.477e-07	0	6.22248e-05	8.51846e-05	7.96578e-06	4.44352e-06	0	0	0	-0.000166983	-1.1229e-05	-1.10113e-05	0	0	0	0	-0.000544285	-6.10487e-05	-2.64482e-05	0	0	0	0	-7.636e-05	0.000229835	0.000150229	0	0	0	0	-0.000380665	-8.44278e-05	-5.31565e-05	0	0	0	0	0	0	0	0	0	-0.00120008	0.000422466	3.33246e-05	1.44182e-05	0	0.000694452	0.000104623	-3.17832e-05	-1.97057e-05	
18	0.00638546	0	0	-6.90721e-05	-4.18981e-05	1.7754e-06	0	0	-7.84929e-05	-3.58188e-05	6.21448e-06	0	0	0.00229719	3.50891e-05	3.87533e-05	0	0	-0.000112864	-4.64347e-05	1.81634e-07	0	0	8.77509e-05	1.753e-05	6.89363e-06	0	0	0	-0.0002401	-9.309e-05	-1.11633e-05	0	0	0	0	-0.000692556	-0.000288331	-2.83837e-05	0	0	0	0	0.00420275	9.40864e-05	0.000195331	0	0	0	0	-0.000874489	-0.000250881	-7.31349e-05	0	0	0	0	0	0	0	0	0	0	-0.00104956	0.000186283	2.01725e-05	0	0	0.000150068	0.000280425	-2.86815e-05	
19	0.00831538	0	0	0	-0.000221864	-3.1811e-05	0	0	0	-0.000212699	-2.41656e-05	0	0	0	0.00231245	3.34178e-05	0	0	0	-0.000252547	-3.81526e-05	0	0	0	1.50221e-05	7.7882e-06	0	0	0	0	-0.000340423	-7.41934e-05	0	0	0	0	0	-0.00100197	-0.000210536	0	0	0	0	0	0.00489077	0.000184751	0	0	0	0	0	-0.0013014	-0.000245268	0	0	0	0	0	0	0	0	0	0	0	-0.000818827	8.89015e-05	0	0	0	0.000745436	0.000287751	
20	0.00712243	0	0	0	0	-0.000226204	0	0	0	0	-0.000216427	0	0	0	0	0.00251984	0	0	0	0	-0.0002587	0	0	0	0	2.60133e-05	0	0	0	0	0	-0.000455557	0	0	0	0	0	0	-0.00120889	0	0	0	0	0	0	0.0059742	0	0	0	0	0	0	-0.00173059	0	0	0	0	0	0	0	0	0	0	0	0	-0.000718558	0	0	0	0	0.000708498	
21	0.00894552	-4.4037e-06	-6.50399e-05	-1.59371e-05	-2.03979e-05	-7.10904e-06	-1.02608e-05	-0.00015097	-3.4524e-05	-2.01704e-05	-6.15688e-06	-4.55012e-06	-7.45311e-05	-6.72185e-05	-3.62565e-05	-1.26781e-05	0.00296606	-5.30706e-05	-2.02715e-06	-7.39527e-06	-6.83861e-07	0.000435246	0.000128675	-1.8426e-05	-2.02053e-05	-6.7753e-06	0	0	0	2.59843e-05	1.62784e-05	7.35803e-06	0	0	0	0	-0.000230289	-6.81398e-05	-3.84145e-05	0	0	0	0	-0.000144717	-8.08697e-05	-4.93594e-05	0	0	0	0	7.67045e-05	7.11764e-05	3.99375e-05	0	0	0	0	0	0	0	0	-0.00125215	0.000684015	-0.000110202	-4.88496e-05	-1.35784e-05	1.2182e-05	0.000757191	6.76198e-05	6.3489e-05	1.93257e-05	
22	0.00796573	0	-4.53888e-05	-1.83628e-05	-3.79204e-05	-1.0629e-05	0	-9.39605e-05	-4.14928e-05	-3.21164e-05	-1.01678e-05	0	-5.71151e-05	-9.76863e-05	-6.13105e-05	-2.26102e-05	0	0.00311656	5.00205e-06	-1.65953e-05	-5.29933e-06	0	0.000282283	0.000131015	-2.47009e-05	-1.10166e-05	0	0	0	-0.000278309	2.47868e-06	1.46911e-05	0	0	0	0	-0.000921355	-8.53114e-05	-2.9794e-05	0	0	0	0	-0.000688624	-0.000147848	-7.51803e-05	0	0	0	0	-0.000263716	8.01704e-05	4.40446e-05	0	0	0	0	0	0	0	0	0	-0.0011651	0.000464988	-5.62513e-05	-2.549e-05	0	3.29411e-05	0.00022426	0.000127695	3.67166e-05	
23	0.00702642	0	0	-4.13567e-05	-0.000121488	-1.51986e-05	0	0	-5.96548e-05	-0.00011293	-1.32177e-05	0	0	-9.7448e-05	-0.000144598	-2.92008e-05	0	0	0.00252425	-9.78025e-05	-7.33364e-06	0	0	0.000287875	-1.77698e-05	-1.35662e-05	0	0	0	-0.000490967	-0.000138861	1.48125e-05	0	0	0	0	-0.00134829	-0.000464979	-2.74094e-05	0	0	0	0	-0.00146195	-0.000416275	-9.67457e-05	0	0	0	0	0.00269105	-0.000144106	5.20994e-05	0	0	0	0	0	0	0	0	0	0	-0.000982706	0.00014573	-3.3077e-05	0	0	6.56636e-07	0.000684321	4.90892e-05	
24	0.0087009	0	0	0	-0.000168623	-0.000102242	0	0	0	-0.000151386	-9.41686e-05	0	0	0	-0.000205651	-0.000124373	0	0	0	0.00255913	-9.36526e-05	0	0	0	0.000294313	-4.36951e-05	0	0	0	0	-0.000686841	-7.3909e-05	0	0	0	0	0	-0.00196537	-0.000303731	0	0	0	0	0	-0.00226899	-0.000335511	0	0	0	0	0	0.0029939	-0.000140668	0	0	0	0	0	0	0	0	0	0	0	-0.000767998	-9.27803e-06	0	0	0	0.000375457	0.000693827	
25	0.00684532	0	0	0	0	-0.000207716	0	0	0	0	-0.000190637	0	0	0	0	-0.000236818	0	0	0	0	0.0027196	0	0	0	0	0.000297692	0	0	0	0	0	-0.000894845	0	0	0	0	0	0	-0.0023356	0	0	0	0	0	0	-0.00304448	0	0	0	0	0	0	0.0035177	0	0	0	0	0	0	0	0	0	0	0	0	-0.000704372	0	0	0	0	0.000478947	
26	0.00917691	0	0	0.00333353	0.00333373	0.00333372	0	0	0	0	0	0	0	0	0	0	0	0	0	0	0	0	0	0	0	0	0	0	0	0	0	0	0	0	0	0	0	0	0	0	0	0	0	0	0	0	0	0	0	0	0	0	0	0	0	0	0	0	0	0	0	0	0	0	0	0	0	0	0	0	0	
27	0.00217443	0	0	0	0	0	0	0	0	0	0	0	0	0	0	0	0	0	0	0	0	0	0	0	0	0	0	0	0	0.0038143	0.00325534	0.00327186	0	0	0	0	0	0	0	0	0	0	0	0	0	0	0	0	0	0	0	0	0	0	0	0	0	0	0	0	0	0	0	0	0	0	0	0	0	0	0	
28	0.00920951	0	0	0	0	0	0	0	0.00333304	0.00333259	0.00333252	0	0	0	0	0	0	0	0	0	0	0	0	0	0	0	0	0	0	0	0	0	0	0	0	0	0	0	0	0	0	0	0	0	0	0	0	0	0	0	0	0	0	0	0	0	0	0	0	0	0	0	0	0	0	0	0	0	0	0	0	
29	0.00217854	0	0	0	0	0	0	0	0	0	0	0	0	0	0	0	0	0	0	0	0	0	0	0	0	0	0	0	0	0	0	0	0	0	0	0	0.00881965	0.00913503	0.00908386	0	0	0	0	0	0	0	0	0	0	0	0	0	0	0	0	0	0	0	0	0	0	0	0	0	0	0	0	0	0	0	0	
30	0.0178612	0	0	0	0	0	0	0	0	0	0	0	0	0.00333347	0.00333356	0.00333352	0	0	0	0	0	0	0	0	0	0	0	0	0	0	0	0	0	0	0	0	0	0	0	0	0	0	0	0	0	0	0	0	0	0	0	0	0	0	0	0	0	0	0	0	0	0	0	0	0	0	0	0	0	0	0	
31	0.00601401	0	0	0	0	0	0	0	0	0	0	0	0	0	0	0	0	0	0	0	0	0	0	0	0	0	0	0	0	0	0	0	0	0	0	0	0	0	0	0	0	0	0	0.00535107	0.00515124	0.00513467	0	0	0	0	0	0	0	0	0	0	0	0	0	0	0	0	0	0	0	0	0	0	0	0	0	
32	0.0266797	0	0	0	0	0	0	0	0	0	0	0	0	0	0	0	0	0	0.00333351	0.00333366	0.00333358	0	0	0	0	0	0	0	0	0	0	0	0	0	0	0	0	0	0	0	0	0	0	0	0	0	0	0	0	0	0	0	0	0	0	0	0	0	0	0	0	0	0	0	0	0	0	0	0	0	0	
33	0.00312136	0	0	0	0	0	0	0	0	0	0	0	0	0	0	0	0	0	0	0	0	0	0	0	0	0	0	0	0	0	0	0	0	0	0	0	0	0	0	0	0	0	0	0	0	0	0	0	0	0	0.00226571	0.00221168	0.00215133	0	0	0	0	0	0	0	0	0	0	0	0	0	0	0	0	0	0	
34	1.71664	0	0	0.139166	0	0	0	0	0.139146	0	0	0	0	0.139164	0	0	0	0	0.139165	0	0	0	0	0.103149	0	0	0	0	0	0	0	0	0	0	0	0	0	0	0	0	0	0	0	0	0	0	0	0	0	0	0	0	0	0	0	0	0	0	0	0	0	0	0	0	0	0	0	0	-0.829916	0	0	
35	0.0153948	0	0	0	0.00115726	0.000837395	0	0	0	0.00115686	0.000837093	0	0	0	0.0011572	0.000837344	0	0	0	0.00115723	0.000837358	0	0	0	0.000917541	0.000699274	0	0	0	0	0	0	0	0	0	0	0	0	0	0	0	0	0	0	0	0	0	0	0	0	0	0	0	0	0	0	0	0	0	0	0	0	0	0	0	0	0	0	0	-0.00666667	-0.00666667	

 ------ GRADIENTS FOR IPOPT -----------
VAR #	 OBJ 	CON1	CON2	CON3	CON4	CON5	CON6	CON7	CON8	CON9	CON10	CON11	CON12	CON13	CON14	CON15	CON16	CON17	CON18	CON19	CON20	CON21	CON22	CON23	CON24	CON25	CON26	CON27	CON28	CON29	CON30	CON31	CON32	CON33	CON34	CON35	CON36	CON37	CON38	CON39	CON40	CON41	CON42	CON43	CON44	CON45	CON46	CON47	CON48	CON49	CON50	CON51	CON52	CON53	CON54	CON55	CON56	CON57	CON58	CON59	CON60	CON61	CON62	CON63	CON64	CON65	CON66	CON67	CON68	CON69	CON70	
1	-0.0200874	-1.73392e-05	-0.000253079	-5.18901e-05	-0.000140089	-0.000160095	-3.9884e-05	-0.000542816	-0.000127419	-6.9896e-05	-8.4298e-05	-1.71389e-05	-0.000257354	-6.68952e-05	-4.79053e-05	-7.53581e-05	-1.79449e-05	-0.000257293	-5.17774e-05	-4.841e-05	-7.94359e-05	0.000590686	1.38695e-05	-0.000125678	-9.15563e-05	-0.000107496	0	0	0	0.000204104	-5.51471e-05	-0.000182382	0	0	0	0	-0.000532031	-0.000128514	5.53374e-06	0	0	0	0	0.000112411	0.000102636	9.10607e-05	0	0	0	0	0.000143543	8.9648e-05	4.94732e-05	0	0	0	0	0	0	0	0	0.00273058	0.000282121	-0.000504543	-0.000320305	-0.000210234	6.07429e-05	0.00219685	0.000186224	0.000103057	0.000305379	
2	-0.0129106	0	-0.000188777	-4.33468e-05	-0.000119053	-0.000133513	0	-0.000370325	-0.000114744	-5.369e-05	-6.42081e-05	0	-0.000193107	-6.94759e-05	-3.88866e-05	-5.67086e-05	0	-0.000194192	-2.84805e-05	-2.7936e-05	-5.59782e-05	0	0.000334608	0.000110992	-5.67856e-05	-7.71164e-05	0	0	0	-0.00032485	-7.57125e-05	-0.000173468	0	0	0	0	-0.0013379	-0.000122343	1.1778e-05	0	0	0	0	-0.00043115	2.60693e-05	5.29327e-05	0	0	0	0	-0.000235217	8.39595e-05	5.47226e-05	0	0	0	0	0	0	0	0	0	0.00172927	0.000341421	-0.000220999	-0.000157344	0	0.0020807	0.00035076	8.40961e-05	0.000234014	
3	-0.0103068	0	0	-5.52218e-05	-0.000101948	-0.000112851	0	0	-0.000119335	-5.52278e-05	-6.10471e-05	0	0	-7.10997e-05	-3.24896e-05	-5.08594e-05	0	0	-4.02218e-05	-1.32865e-05	-4.90767e-05	0	0	0.000376355	3.6513e-05	-7.00894e-05	0	0	0	-0.00123525	-0.000253031	-0.000123938	0	0	0	0	-0.00370368	-0.000610081	-3.4986e-05	0	0	0	0	-0.000641996	-0.000204753	4.68786e-05	0	0	0	0	-0.000517293	-6.11334e-05	5.96718e-05	0	0	0	0	0	0	0	0	0	0	0.00146791	7.36292e-05	-0.000141637	0	0	0.000711637	0.000192981	0.000212234	
4	-0.0124138	0	0	0	-0.000153955	-0.000168004	0	0	0	-0.000105183	-0.000101259	0	0	0	-7.93111e-05	-7.69103e-05	0	0	0	-3.85744e-05	-6.0574e-05	0	0	0	0.000398879	-4.46243e-05	0	0	0	0	-0.00150827	-0.000323432	0	0	0	0	0	-0.00419137	-0.000414243	0	0	0	0	0	-0.000839057	-0.00011691	0	0	0	0	0	-0.000577496	5.50879e-05	0	0	0	0	0	0	0	0	0	0	0	0.00132373	-1.80649e-05	0	0	0	0.000959	0.000602341	
5	-0.00677514	0	0	0	0	-0.000506798	0	0	0	0	-0.00045214	0	0	0	0	-0.000442736	0	0	0	0	-0.000403264	0	0	0	0	7.91891e-05	0	0	0	0	0	-0.0017812	0	0	0	0	0	0	-0.00427908	0	0	0	0	0	0	-0.000897183	0	0	0	0	0	0	-0.000536572	0	0	0	0	0	0	0	0	0	0	0	0	0.00104479	0	0	0	0	0.00462464	
6	0.0044836	0.00298577	-5.46206e-05	-8.04571e-06	6.05965e-05	7.45697e-05	-1.0621e-05	-0.000115925	-1.82034e-05	8.11408e-06	2.60551e-05	-5.18144e-06	-5.71723e-05	-1.99882e-05	6.86551e-06	2.65379e-05	-5.5552e-06	-5.6366e-05	-5.44209e-06	1.26757e-05	2.95771e-05	0.000378622	8.87638e-05	-7.28994e-06	1.4123e-05	3.70054e-05	0	0	0	4.21518e-05	0.000107182	0.000148681	0	0	0	0	-9.71929e-05	-5.20985e-05	-8.22868e-05	0	0	0	0	-3.94029e-05	-2.62144e-05	-3.39476e-05	0	0	0	0	8.71384e-06	5.17027e-06	-7.66297e-06	0	0	0	0	0	0	0	0	-0.000847091	0.00042068	-5.55692e-05	5.86372e-05	7.35981e-05	1.58346e-05	0.000578759	3.54765e-05	-2.61463e-05	-0.000111581	
7	0.00616519	0	0.00293713	-6.90058e-06	0.000108146	0.000125742	0	-0.000187789	-2.05543e-05	1.74505e-05	4.44546e-05	0	-0.000133687	-2.24364e-05	1.53195e-05	4.55514e-05	0	-0.000133736	2.52891e-06	2.60875e-05	5.12495e-05	0	0.000195933	0.000102662	3.15642e-05	6.23751e-05	0	0	0	-0.000229472	0.000164513	0.000241158	0	0	0	0	-0.000555043	-9.92101e-05	-0.000140907	0	0	0	0	-0.000281542	-5.74155e-05	-5.7204e-05	0	0	0	0	-0.000163566	4.43136e-06	-7.63487e-06	0	0	0	0	0	0	0	0	0	-0.00121131	0.000338642	0.000129963	0.000126523	0	0.000741291	0.000129918	-4.6537e-05	-0.000190415	
8	0.00610451	0	0	0.00238832	0.000142657	0.000146968	0	0	-0.000128153	2.24829e-05	5.2388e-05	0	0	-0.000115762	2.40557e-05	5.38297e-05	0	0	-9.85937e-05	3.91801e-05	6.03272e-05	0	0	0.000194944	9.06058e-05	7.29876e-05	0	0	0	0.00379011	6.93344e-05	0.000273181	0	0	0	0	-0.00153167	-0.000371264	-0.000160847	0	0	0	0	-0.000327003	-0.000182021	-6.62785e-05	0	0	0	0	-0.00027208	-7.70288e-05	-8.52e-06	0	0	0	0	0	0	0	0	0	0	-0.00138512	0.000328735	0.000149735	0	0	0.000294655	8.74181e-07	-0.000223285	
9	0.00791977	0	0	0	0.00266877	0.000276709	0	0	0	-0.000158187	8.89196e-05	0	0	0	-0.000156778	9.64572e-05	0	0	0	-0.000130989	0.000115493	0	0	0	0.000216214	0.00016956	0	0	0	0	0.00433716	0.000406569	0	0	0	0	0	-0.00215682	-0.000529817	0	0	0	0	0	-0.000503645	-0.000229015	0	0	0	0	0	-0.000352623	-4.41755e-05	0	0	0	0	0	0	0	0	0	0	0	-0.00112305	0.000399754	0	0	0	0.000289147	-0.000220675	
10	0.00857545	0	0	0	0	0.00274869	0	0	0	0	-0.000267283	0	0	0	0	-0.000264714	0	0	0	0	-0.000232942	0	0	0	0	0.000190417	0	0	0	0	0	0.0054111	0	0	0	0	0	0	-0.00290415	0	0	0	0	0	0	-0.000683224	0	0	0	0	0	0	-0.000414641	0	0	0	0	0	0	0	0	0	0	0	0	-0.000863119	0	0	0	0	0.000882786	
11	-0.00635933	1.05968e-05	0.000135873	3.27007e-05	-3.9271e-05	-4.73599e-05	0.00299553	0.000298349	8.03703e-05	3.03036e-05	1.18619e-05	1.07461e-05	0.000132756	1.46059e-05	8.34799e-06	3.80575e-06	1.03978e-05	0.000131692	4.03868e-05	2.11167e-05	8.67166e-06	0.00032484	0.000302073	0.000118226	4.80272e-05	1.6522e-05	0	0	0	-0.000257347	-0.000200483	-0.000222967	0	0	0	0	0.000308031	0.000202711	0.000193793	0	0	0	0	-0.000218283	-9.98813e-05	-3.90602e-05	0	0	0	0	-0.000118763	-2.34299e-05	4.2666e-06	0	0	0	0	0	0	0	0	-0.00084755	0.00111437	0.00041897	0.000106298	1.56886e-05	-3.75065e-05	-0.000810906	-9.30066e-05	-2.08532e-05	-7.70384e-06	
12	-0.00879185	0	0.00017761	4.46593e-05	-6.95864e-05	-7.6691e-05	0	0.00339391	0.000106697	3.61808e-05	1.04026e-05	0	0.000174837	2.10208e-05	7.86018e-06	1.64606e-07	0	0.000172827	6.14914e-05	2.68816e-05	7.10323e-06	0	0.000453564	0.00027884	6.05728e-05	1.42955e-05	0	0	0	-0.000636069	-0.000288039	-0.000313941	0	0	0	0	-0.000183082	0.000239464	0.000252817	0	0	0	0	-0.000552973	-0.000139412	-4.65418e-05	0	0	0	0	-0.000357935	-2.35755e-05	1.50874e-05	0	0	0	0	0	0	0	0	0	-0.000177888	0.00102407	0.000130509	6.83187e-06	0	-0.00154022	-1.15455e-05	-1.56095e-05	1.03262e-05	
13	-0.00724894	0	0	0.000100659	-6.45405e-05	-7.55764e-05	0	0	0.0027915	4.53405e-05	1.14525e-05	0	0	8.51589e-05	1.6561e-05	1.88799e-06	0	0	0.000114814	4.36404e-05	9.58408e-06	0	0	0.000488493	0.00015546	1.56077e-05	0	0	0	-0.00131799	-0.000502247	-0.000314298	0	0	0	0	0.00453764	-0.000199853	0.000240659	0	0	0	0	-0.000614088	-0.000359021	-4.85041e-05	0	0	0	0	-0.00050107	-0.000163404	2.16721e-05	0	0	0	0	0	0	0	0	0	0	0.000311222	0.000434493	1.13776e-05	0	0	-0.000539098	8.29642e-05	6.33946e-06	
14	-0.0107124	0	0	0	4.32532e-05	-0.000123237	0	0	0	0.00274842	2.31173e-05	0	0	0	0.000144578	8.69495e-06	0	0	0	0.000197209	3.83996e-05	0	0	0	0.000709987	0.000114628	0	0	0	0	-0.0020841	-0.000746723	0	0	0	0	0	0.00509549	-3.90218e-05	0	0	0	0	0	-0.00105831	-0.000329597	0	0	0	0	0	-0.000735885	-2.5768e-05	0	0	0	0	0	0	0	0	0	0	0	0.000751384	0.000304793	0	0	0	-0.000529054	0.000364111	
15	-0.00933797	0	0	0	0	0.00030666	0	0	0	0	0.00330748	0	0	0	0	0.000416581	0	0	0	0	0.000479405	0	0	0	0	0.00107759	0	0	0	0	0	-0.00315636	0	0	0	0	0	0	0.00629779	0	0	0	0	0	0	-0.00144067	0	0	0	0	0	0	-0.00087131	0	0	0	0	0	0	0	0	0	0	0	0	0.000858325	0	0	0	0	-0.00215722	
16	0.00667145	-4.69738e-06	-7.64653e-05	-5.83681e-06	-6.7949e-06	-5.49817e-06	-7.89559e-06	-0.000126438	-1.67642e-05	-2.84381e-06	-1.1558e-06	0.0029914	-7.16634e-05	3.44352e-05	2.49959e-05	1.17436e-05	-6.82347e-06	-0.000120345	-2.09133e-05	-4.67264e-06	-2.52343e-06	0.000196748	5.81739e-05	-1.4038e-05	-4.2069e-06	-2.11627e-06	0	0	0	2.35258e-05	-1.79072e-06	-1.15135e-05	0	0	0	0	-9.26272e-05	-3.27742e-05	-1.90184e-05	0	0	0	0	0.000147054	0.000125183	8.3095e-05	0	0	0	0	-5.4612e-05	-3.123e-05	-2.25837e-05	0	0	0	0	0	0	0	0	-0.000874992	0.000366901	-4.25663e-05	-3.4579e-06	-3.82528e-07	1.42107e-05	0.000745916	2.46343e-05	-1.28332e-06	1.21932e-06	
17	0.0075222	0	-0.000123872	-4.27206e-07	-5.76853e-06	-4.26744e-07	0	-0.000150049	-1.43347e-05	6.25214e-07	3.33828e-06	0	0.0029614	9.86161e-05	5.65544e-05	2.79345e-05	0	-0.000175411	-3.06456e-05	-5.95439e-06	-6.17689e-07	0	6.03852e-05	8.52924e-05	3.94517e-06	3.40589e-06	0	0	0	-0.00016734	-1.34937e-05	-1.16797e-05	0	0	0	0	-0.000464213	-5.27533e-05	-2.51715e-05	0	0	0	0	-7.13232e-05	0.000229979	0.000152264	0	0	0	0	-0.000382382	-8.43774e-05	-5.24022e-05	0	0	0	0	0	0	0	0	0	-0.00119387	0.000421732	3.12531e-05	1.2667e-05	0	0.000684003	0.000110717	-6.51455e-06	-1.70276e-05	
18	0.00628684	0	0	-7.04711e-05	-8.09546e-06	1.69759e-06	0	0	-7.96954e-05	-2.00602e-06	5.28675e-06	0	0	0.00234337	6.89723e-05	3.77406e-05	0	0	-0.000114699	-1.28307e-05	-5.01559e-07	0	0	8.78403e-05	4.45746e-05	5.86471e-06	0	0	0	-0.000242482	-9.73659e-05	-1.17061e-05	0	0	0	0	-0.000589182	-0.000245245	-2.73396e-05	0	0	0	0	0.00421976	9.32777e-05	0.000197072	0	0	0	0	-0.000879469	-0.000252272	-7.2003e-05	0	0	0	0	0	0	0	0	0	0	-0.00105241	0.000185743	1.84549e-05	0	0	0.000158113	6.91109e-05	-2.61271e-05	
19	0.00809708	0	0	0	-0.000122382	-3.65051e-05	0	0	0	-0.000106634	-2.92928e-05	0	0	0	0.0024602	2.84879e-05	0	0	0	-0.000154308	-4.58586e-05	0	0	0	9.62921e-05	1.53739e-06	0	0	0	0	-0.000354666	-7.5905e-05	0	0	0	0	0	-0.000849845	-0.00017912	0	0	0	0	0	0.00491858	0.000201915	0	0	0	0	0	-0.00131161	-0.000256549	0	0	0	0	0	0	0	0	0	0	0	-0.00082864	8.18004e-05	0	0	0	0.000183273	0.000302775	
20	0.00725741	0	0	0	0	-0.000233324	0	0	0	0	-0.000217689	0	0	0	0	0.00254908	0	0	0	0	-0.000269295	0	0	0	0	1.95046e-05	0	0	0	0	0	-0.000475651	0	0	0	0	0	0	-0.00101824	0	0	0	0	0	0	0.00598156	0	0	0	0	0	0	-0.00173871	0	0	0	0	0	0	0	0	0	0	0	0	-0.000731476	0	0	0	0	0.000732163	
21	0.0089746	-4.2876e-06	-6.56038e-05	-1.71321e-05	-1.26542e-05	-8.66278e-06	-1.00877e-05	-0.000152212	-3.68048e-05	-1.18167e-05	-7.64709e-06	-4.44014e-06	-7.51671e-05	-6.86243e-05	-2.77079e-05	-1.39148e-05	0.00301184	-5.33123e-05	-3.19591e-06	1.16678e-06	-2.22281e-06	0.000439741	0.000127377	-2.00495e-05	-1.37856e-05	-8.7614e-06	0	0	0	2.80384e-05	1.4164e-05	7.34378e-06	0	0	0	0	-0.000203921	-5.85513e-05	-3.65543e-05	0	0	0	0	-0.000146451	-7.93549e-05	-4.58916e-05	0	0	0	0	7.88994e-05	7.28033e-05	4.05395e-05	0	0	0	0	0	0	0	0	-0.00125747	0.000693168	-0.000116211	-4.97406e-05	-1.6914e-05	1.19975e-05	0.000750359	7.46294e-05	1.54808e-05	2.46459e-05	
22	0.00788493	0	-4.30907e-05	-1.97908e-05	-2.18688e-05	-1.14811e-05	0	-9.12852e-05	-4.35631e-05	-1.53368e-05	-1.11719e-05	0	-5.48461e-05	-9.92246e-05	-4.42111e-05	-2.3279e-05	0	0.0030611	3.12254e-06	-4.82636e-09	-6.40626e-06	0	0.000279823	0.000130726	-1.16769e-05	-1.24214e-05	0	0	0	-0.000278741	3.38467e-07	1.57116e-05	0	0	0	0	-0.000785592	-7.34701e-05	-3.01119e-05	0	0	0	0	-0.000691213	-0.000144748	-7.13216e-05	0	0	0	0	-0.000263119	8.06583e-05	4.46581e-05	0	0	0	0	0	0	0	0	0	-0.00115697	0.000461784	-5.75409e-05	-2.7718e-05	0	1.8859e-05	0.000238933	3.13529e-05	4.01705e-05	
23	0.00672685	0	0	-4.23392e-05	-3.54069e-05	-1.57027e-05	0	0	-6.07627e-05	-2.58028e-05	-1.43212e-05	0	0	-9.88132e-05	-5.78812e-05	-3.00774e-05	0	0	0.00256546	-1.13991e-05	-8.49371e-06	0	0	0.000288148	5.10825e-05	-1.51787e-05	0	0	0	-0.000494175	-0.000144733	1.65726e-05	0	0	0	0	-0.00114388	-0.000395156	-2.88956e-05	0	0	0	0	-0.00146794	-0.000416391	-9.37797e-05	0	0	0	0	0.00270717	-0.000143715	5.33721e-05	0	0	0	0	0	0	0	0	0	0	-0.000988846	0.000146594	-3.54803e-05	0	0	1.8891e-06	0.000165951	5.26736e-05	
24	0.00891772	0	0	0	-0.000119854	-0.000111518	0	0	0	-9.66063e-05	-0.000102805	0	0	0	-0.000155476	-0.000134928	0	0	0	0.00267801	-0.000107007	0	0	0	0.000333277	-5.55602e-05	0	0	0	0	-0.000710638	-7.13746e-05	0	0	0	0	0	-0.00166023	-0.000257994	0	0	0	0	0	-0.00227899	-0.000321799	0	0	0	0	0	0.00301474	-0.000153345	0	0	0	0	0	0	0	0	0	0	0	-0.000793103	-2.37323e-05	0	0	0	0.000100116	0.000721209	
25	0.00722323	0	0	0	0	-0.000221901	0	0	0	0	-0.000200548	0	0	0	0	-0.000251535	0	0	0	0	0.00272712	0	0	0	0	0.000277998	0	0	0	0	0	-0.000927535	0	0	0	0	0	0	-0.00195671	0	0	0	0	0	0	-0.00301665	0	0	0	0	0	0	0.00350838	0	0	0	0	0	0	0	0	0	0	0	0	-0.0007406	0	0	0	0	0.000544381	
26	0.00941279	0	0	0.00335149	0.00339936	0.00336954	0	0	0	0	0	0	0	0	0	0	0	0	0	0	0	0	0	0	0	0	0	0	0	0	0	0	0	0	0	0	0	0	0	0	0	0	0	0	0	0	0	0	0	0	0	0	0	0	0	0	0	0	0	0	0	0	0	0	0	0	0	0	0	0	0	
27	0.00225503	0	0	0	0	0	0	0	0	0	0	0	0	0	0	0	0	0	0	0	0	0	0	0	0	0	0	0	0	0.00392243	0.00360242	0.00366647	0	0	0	0	0	0	0	0	0	0	0	0	0	0	0	0	0	0	0	0	0	0	0	0	0	0	0	0	0	0	0	0	0	0	0	0	0	0	0	
28	0.0132304	0	0	0	0	0	0	0	0.00333139	0.00320853	0.00326465	0	0	0	0	0	0	0	0	0	0	0	0	0	0	0	0	0	0	0	0	0	0	0	0	0	0	0	0	0	0	0	0	0	0	0	0	0	0	0	0	0	0	0	0	0	0	0	0	0	0	0	0	0	0	0	0	0	0	0	0	
29	0.00271495	0	0	0	0	0	0	0	0	0	0	0	0	0	0	0	0	0	0	0	0	0	0	0	0	0	0	0	0	0	0	0	0	0	0	0	0.00633703	0.00567204	0.00598582	0	0	0	0	0	0	0	0	0	0	0	0	0	0	0	0	0	0	0	0	0	0	0	0	0	0	0	0	0	0	0	0	
30	0.0165824	0	0	0	0	0	0	0	0	0	0	0	0	0.00334975	0.00336887	0.00335349	0	0	0	0	0	0	0	0	0	0	0	0	0	0	0	0	0	0	0	0	0	0	0	0	0	0	0	0	0	0	0	0	0	0	0	0	0	0	0	0	0	0	0	0	0	0	0	0	0	0	0	0	0	0	0	
31	0.00544396	0	0	0	0	0	0	0	0	0	0	0	0	0	0	0	0	0	0	0	0	0	0	0	0	0	0	0	0	0	0	0	0	0	0	0	0	0	0	0	0	0	0	0.00542983	0.00523634	0.00525308	0	0	0	0	0	0	0	0	0	0	0	0	0	0	0	0	0	0	0	0	0	0	0	0	0	
32	0.0255144	0	0	0	0	0	0	0	0	0	0	0	0	0	0	0	0	0	0.00335241	0.00338685	0.00335253	0	0	0	0	0	0	0	0	0	0	0	0	0	0	0	0	0	0	0	0	0	0	0	0	0	0	0	0	0	0	0	0	0	0	0	0	0	0	0	0	0	0	0	0	0	0	0	0	0	0	
33	0.00295642	0	0	0	0	0	0	0	0	0	0	0	0	0	0	0	0	0	0	0	0	0	0	0	0	0	0	0	0	0	0	0	0	0	0	0	0	0	0	0	0	0	0	0	0	0	0	0	0	0	0.00231235	0.00228679	0.00219036	0	0	0	0	0	0	0	0	0	0	0	0	0	0	0	0	0	0	
34	0.681134	0	0	0.135771	0.194299	0	0	0	0.134956	0.183392	0	0	0	0.1357	0.192556	0	0	0	0.135808	0.193584	0	0	0	0.0999137	0.151191	0	0	0	0	0	0	0	0	0	0	0	0	0	0	0	0	0	0	0	0	0	0	0	0	0	0	0	0	0	0	0	0	0	0	0	0	0	0	0	0	0	0	0	-0.82908	-1.03665	0	
35	0.0197446	0	0	0	0	0.000884858	0	0	0	0	0.00085731	0	0	0	0	0.000880641	0	0	0	0	0.00088039	0	0	0	0	0.000728894	0	0	0	0	0	0	0	0	0	0	0	0	0	0	0	0	0	0	0	0	0	0	0	0	0	0	0	0	0	0	0	0	0	0	0	0	0	0	0	0	0	0	0	0	-0.00666667	

 ------ GRADIENTS FOR IPOPT -----------
VAR #	 OBJ 	CON1	CON2	CON3	CON4	CON5	CON6	CON7	CON8	CON9	CON10	CON11	CON12	CON13	CON14	CON15	CON16	CON17	CON18	CON19	CON20	CON21	CON22	CON23	CON24	CON25	CON26	CON27	CON28	CON29	CON30	CON31	CON32	CON33	CON34	CON35	CON36	CON37	CON38	CON39	CON40	CON41	CON42	CON43	CON44	CON45	CON46	CON47	CON48	CON49	CON50	CON51	CON52	CON53	CON54	CON55	CON56	CON57	CON58	CON59	CON60	CON61	CON62	CON63	CON64	CON65	CON66	CON67	CON68	CON69	CON70	
1	-0.0198364	-1.40679e-05	-0.000239107	-3.94953e-05	-0.000250928	-0.000142137	-3.30295e-05	-0.000504069	-0.000110653	-0.000142339	-7.36494e-05	-1.39917e-05	-0.000245268	-4.98821e-05	-0.000128397	-7.49169e-05	-1.48418e-05	-0.000239998	-3.32561e-05	-0.000129302	-7.80708e-05	0.00058237	3.54589e-05	-0.000105021	-0.000158184	-9.85977e-05	0	0	0	0.000161796	-0.00014574	-0.00028747	0	0	0	0	-0.000359082	-6.3516e-05	0.000107769	0	0	0	0	8.68378e-05	9.95561e-05	6.93657e-05	0	0	0	0	0.000139933	9.83411e-05	4.02103e-05	0	0	0	0	0	0	0	0	0.00268502	0.000382504	-0.000483909	-0.000395829	-0.000196221	4.90815e-05	0.00210065	0.000125589	0.000557098	0.000272015	
2	-0.0122123	0	-0.000184006	-3.82362e-05	-0.00021559	-0.000115321	0	-0.000355751	-0.000106528	-0.000116771	-5.62053e-05	0	-0.000189948	-5.9374e-05	-0.000107607	-5.57406e-05	0	-0.000184862	-1.87472e-05	-9.82261e-05	-5.48691e-05	0	0.000326884	0.000137429	-0.000113395	-7.0798e-05	0	0	0	-0.000361317	-0.00014404	-0.000236458	0	0	0	0	-0.00100634	-7.17786e-05	7.69625e-05	0	0	0	0	-0.000416857	3.31212e-05	4.33966e-05	0	0	0	0	-0.000262018	8.65606e-05	4.68515e-05	0	0	0	0	0	0	0	0	0	0.00169073	0.000394174	-0.000289659	-0.000146983	0	0.00199859	0.000248615	0.000474322	0.000207959	
3	-0.00991017	0	0	-4.70418e-05	-0.00024554	-9.58946e-05	0	0	-0.000104536	-0.000169346	-5.04196e-05	0	0	-5.83114e-05	-0.000156538	-4.5805e-05	0	0	-2.96646e-05	-0.000139024	-4.26763e-05	0	0	0.000385366	-5.64865e-05	-5.92107e-05	0	0	0	-0.00121245	-0.000311065	-0.000191017	0	0	0	0	-0.00262775	-0.00044499	4.19176e-05	0	0	0	0	-0.000584266	-0.000177576	3.24357e-05	0	0	0	0	-0.000537485	-6.58274e-05	5.65994e-05	0	0	0	0	0	0	0	0	0	0	0.00150225	2.56699e-05	-0.000121909	0	0	0.000471683	0.000916733	0.000173057	
4	-0.0101381	0	0	0	-0.000683498	-0.000156775	0	0	0	-0.000578677	-9.77735e-05	0	0	0	-0.000599829	-8.36658e-05	0	0	0	-0.000561349	-6.81608e-05	0	0	0	1.70223e-05	-4.31917e-05	0	0	0	0	-0.00159515	-0.000408384	0	0	0	0	0	-0.00299044	-0.000199166	0	0	0	0	0	-0.00075196	-9.95622e-05	0	0	0	0	0	-0.000592239	3.13007e-05	0	0	0	0	0	0	0	0	0	0	0	0.00128428	9.48122e-06	0	0	0	0.00403518	0.000546269	
5	-0.006913	0	0	0	0	-0.000687799	0	0	0	0	-0.000545473	0	0	0	0	-0.000622182	0	0	0	0	-0.00057565	0	0	0	0	-4.9958e-05	0	0	0	0	0	-0.00198138	0	0	0	0	0	0	-0.00294226	0	0	0	0	0	0	-0.000822958	0	0	0	0	0	0	-0.000547274	0	0	0	0	0	0	0	0	0	0	0	0	0.00105732	0	0	0	0	0.00459076	
6	0.00405491	0.00290822	-5.66245e-05	-4.23329e-06	0.00010257	7.27009e-05	-9.05742e-06	-0.00011701	-1.89252e-05	3.04776e-05	2.79374e-05	-4.37034e-06	-5.99936e-05	-1.78223e-05	3.39199e-05	3.43402e-05	-4.7533e-06	-5.74184e-05	-3.63102e-06	3.94269e-05	3.70619e-05	0.000363608	8.4529e-05	-6.54295e-06	3.63785e-05	4.37525e-05	0	0	0	5.6905e-05	0.000166725	0.000202287	0	0	0	0	-9.15096e-05	-6.66757e-05	-9.30347e-05	0	0	0	0	-3.6327e-05	-2.44946e-05	-3.33203e-05	0	0	0	0	9.70113e-06	1.51322e-06	-1.19397e-05	0	0	0	0	0	0	0	0	-0.000856801	0.000420151	-6.19856e-05	9.35236e-05	8.60306e-05	1.33619e-05	0.000587581	2.79958e-05	-0.000167559	-0.000128444	
7	0.00512862	0	0.00281386	-3.36962e-06	0.000177488	0.000118931	0	-0.000175314	-2.43094e-05	5.63863e-05	4.69187e-05	0	-0.000127685	-2.23272e-05	6.17025e-05	5.74357e-05	0	-0.000124022	1.23741e-06	7.17669e-05	6.26459e-05	0	0.00018174	0.000104631	7.02761e-05	7.2445e-05	0	0	0	-0.000200383	0.000252664	0.000310345	0	0	0	0	-0.000442891	-0.000113532	-0.000145825	0	0	0	0	-0.000255441	-5.39605e-05	-5.53892e-05	0	0	0	0	-0.00016885	-4.20466e-06	-1.39521e-05	0	0	0	0	0	0	0	0	0	-0.00121003	0.000339798	0.000190485	0.000144293	0	0.000705137	9.44198e-05	-0.000290164	-0.000214144	
8	0.00513057	0	0	0.00233963	0.000198154	0.000145949	0	0	-9.07865e-05	3.93598e-05	5.75109e-05	0	0	-8.17758e-05	4.74761e-05	7.09098e-05	0	0	-6.5503e-05	6.29402e-05	7.7995e-05	0	0	0.000226188	0.000117655	8.84016e-05	0	0	0	0.00381406	0.000182021	0.000372593	0	0	0	0	-0.00115906	-0.000344339	-0.000180028	0	0	0	0	-0.000306437	-0.000175799	-6.92636e-05	0	0	0	0	-0.000290137	-9.14183e-05	-1.13341e-05	0	0	0	0	0	0	0	0	0	0	-0.00142712	0.000415306	0.000178408	0	0	0.000203506	-9.98072e-05	-0.000264101	
9	0.00668731	0	0	0	0.00254959	0.000251148	0	0	0	-0.000243565	8.33113e-05	0	0	0	-0.000253858	0.000110921	0	0	0	-0.000226419	0.000129621	0	0	0	0.000177908	0.000183192	0	0	0	0	0.00453798	0.000569047	0	0	0	0	0	-0.00171066	-0.000504236	0	0	0	0	0	-0.000488073	-0.000216974	0	0	0	0	0	-0.000390221	-6.26644e-05	0	0	0	0	0	0	0	0	0	0	0	-0.0010018	0.000446199	0	0	0	0.000957514	-0.00025462	
10	0.00648654	0	0	0	0	0.00283537	0	0	0	0	-0.000172234	0	0	0	0	-0.000188933	0	0	0	0	-0.000149733	0	0	0	0	0.000302374	0	0	0	0	0	0.00588325	0	0	0	0	0	0	-0.00237362	0	0	0	0	0	0	-0.000709816	0	0	0	0	0	0	-0.000475238	0	0	0	0	0	0	0	0	0	0	0	0	-0.000663972	0	0	0	0	0.000504914	
11	-0.00536482	8.39883e-06	0.000124952	1.88375e-05	-4.5538e-05	-3.84574e-05	0.00264174	0.000273743	6.91187e-05	3.3987e-05	4.82614e-06	8.62475e-06	0.00012141	3.95207e-06	1.22218e-05	-4.26187e-06	8.29364e-06	0.000119618	2.82585e-05	2.37343e-05	-3.14957e-07	0.000297015	0.000278783	0.000109399	4.99635e-05	2.68152e-06	0	0	0	-0.000250997	-0.000235683	-0.000201671	0	0	0	0	0.000205165	0.000177407	0.000118186	0	0	0	0	-0.000198934	-8.57411e-05	-2.20811e-05	0	0	0	0	-0.000123954	-2.78525e-05	7.73126e-06	0	0	0	0	0	0	0	0	-0.000829603	0.0010385	0.000417371	8.33951e-05	-4.79998e-06	-2.99975e-05	-0.000758777	-5.8636e-05	-5.10809e-05	2.68095e-05	
12	-0.00736395	0	0.000166486	2.28061e-05	-9.09698e-05	-6.20658e-05	0	0.00294721	8.92712e-05	3.06045e-05	9.77294e-07	0	0.000163541	4.42387e-06	2.03524e-06	-1.0949e-05	0	0.000160989	4.13181e-05	1.86322e-05	-5.4482e-06	0	0.000409599	0.000261657	5.32952e-05	-4.22549e-06	0	0	0	-0.000608829	-0.000337824	-0.000283427	0	0	0	0	-0.000148423	0.000210429	0.000153444	0	0	0	0	-0.000487642	-0.000115862	-2.25793e-05	0	0	0	0	-0.000360712	-2.95114e-05	1.96453e-05	0	0	0	0	0	0	0	0	0	-0.000230057	0.00100439	8.74829e-05	-2.11079e-05	0	-0.00145684	-3.42356e-06	4.91168e-06	5.53658e-05	
13	-0.00593143	0	0	6.49584e-05	-0.000133109	-6.48972e-05	0	0	0.0022936	-1.32528e-06	3.63513e-06	0	0	5.37352e-05	-3.665e-05	-8.78038e-06	0	0	8.0038e-05	-1.21661e-05	-1.52873e-06	0	0	0.000434392	0.000114675	-1.77524e-06	0	0	0	-0.00121151	-0.000565365	-0.000317807	0	0	0	0	0.00320495	-7.70831e-05	0.000162483	0	0	0	0	-0.000525933	-0.000309948	-2.83752e-05	0	0	0	0	-0.000489433	-0.000171168	3.00439e-05	0	0	0	0	0	0	0	0	0	0	0.000269162	0.000394411	-1.43777e-05	0	0	-0.000354942	0.000380002	5.11127e-05	
14	-0.0103093	0	0	0	0.000282359	-0.00013225	0	0	0	0.00282041	-5.15094e-06	0	0	0	0.000388878	-3.1949e-05	0	0	0	0.000440348	-6.06007e-06	0	0	0	0.000888198	6.27269e-05	0	0	0	0	-0.00217976	-0.000780794	0	0	0	0	0	0.00381507	-1.31227e-05	0	0	0	0	0	-0.000937613	-0.000248362	0	0	0	0	0	-0.000744944	-3.28958e-05	0	0	0	0	0	0	0	0	0	0	0	0.000666506	0.000246665	0	0	0	-0.00205052	0.00045486	
15	-0.008211	0	0	0	0	0.000355053	0	0	0	0	0.00256436	0	0	0	0	0.000429859	0	0	0	0	0.000488341	0	0	0	0	0.00101614	0	0	0	0	0	-0.00328389	0	0	0	0	0	0	0.00462025	0	0	0	0	0	0	-0.00123821	0	0	0	0	0	0	-0.000828345	0	0	0	0	0	0	0	0	0	0	0	0	0.000751229	0	0	0	0	-0.00194833	
16	0.00687473	-4.36089e-06	-7.69655e-05	-4.71502e-06	-1.39987e-05	-5.56618e-06	-7.03313e-06	-0.000123465	-1.65058e-05	-6.57764e-06	-2.14829e-06	0.00297026	-7.084e-05	3.63796e-05	2.09789e-05	1.03188e-05	-6.68082e-06	-0.000119455	-1.94827e-05	-8.50871e-06	-3.94271e-06	0.000190853	5.65789e-05	-1.2337e-05	-8.64786e-06	-3.27769e-06	0	0	0	1.95863e-05	-9.34385e-06	-1.93947e-05	0	0	0	0	-7.74082e-05	-2.91579e-05	-1.47552e-05	0	0	0	0	0.00013921	0.000115929	7.9332e-05	0	0	0	0	-6.07751e-05	-2.86316e-05	-2.09339e-05	0	0	0	0	0	0	0	0	-0.000891272	0.000377243	-3.95562e-05	-1.49545e-05	-2.9486e-06	1.34611e-05	0.000745904	1.81073e-05	1.36413e-05	4.04494e-06	
17	0.00752191	0	-0.000117311	-3.22183e-06	-1.08717e-05	7.40583e-07	0	-0.000137054	-1.75141e-05	-1.57005e-06	2.14498e-06	0	0.00285378	9.35844e-05	5.22988e-05	2.58122e-05	0	-0.000166294	-3.47527e-05	-7.58599e-06	-1.47215e-06	0	5.4641e-05	8.5867e-05	1.46422e-06	2.70548e-06	0	0	0	-0.000168214	-2.03137e-05	-1.49484e-05	0	0	0	0	-0.000352465	-4.70666e-05	-2.35309e-05	0	0	0	0	-5.40657e-05	0.000200859	0.000136186	0	0	0	0	-0.000403711	-7.97697e-05	-4.87702e-05	0	0	0	0	0	0	0	0	0	-0.0011882	0.00042849	1.95689e-05	1.06429e-05	0	0.000650535	7.80919e-05	-4.35037e-06	-1.47738e-05	
18	0.00678129	0	0	-4.80237e-05	-5.75551e-05	2.54077e-06	0	0	-5.29405e-05	-4.53191e-05	2.81489e-06	0	0	0.00250082	1.87979e-05	3.47433e-05	0	0	-9.44955e-05	-6.16351e-05	-3.14056e-06	0	0	0.000107367	1.01142e-05	3.83823e-06	0	0	0	-0.000246413	-0.000106675	-9.37519e-06	0	0	0	0	-0.0004436	-0.000196024	-2.75551e-05	0	0	0	0	0.00381444	7.62979e-05	0.000182249	0	0	0	0	-0.000924902	-0.000260349	-7.29265e-05	0	0	0	0	0	0	0	0	0	0	-0.00107057	0.000172068	1.32746e-05	0	0	0.000107188	0.000334969	-2.05911e-05	
19	0.00905172	0	0	0	-0.000232399	-4.93724e-05	0	0	0	-0.000201132	-3.97207e-05	0	0	0	0.00260334	1.16197e-05	0	0	0	-0.000269731	-6.46136e-05	0	0	0	2.6444e-05	-1.02347e-05	0	0	0	0	-0.000395637	-8.34393e-05	0	0	0	0	0	-0.00065671	-0.000141538	0	0	0	0	0	0.00444371	0.000190694	0	0	0	0	0	-0.00136794	-0.000265621	0	0	0	0	0	0	0	0	0	0	0	-0.000874127	7.85587e-05	0	0	0	0.000821433	0.000314944	
20	0.00776448	0	0	0	0	-0.00026961	0	0	0	0	-0.000217679	0	0	0	0	0.00269011	0	0	0	0	-0.000313406	0	0	0	0	3.34443e-07	0	0	0	0	0	-0.000560876	0	0	0	0	0	0	-0.000768097	0	0	0	0	0	0	0.00535332	0	0	0	0	0	0	-0.00178319	0	0	0	0	0	0	0	0	0	0	0	0	-0.000781165	0	0	0	0	0.000804136	
21	0.00938329	-3.23367e-06	-6.75247e-05	-1.36227e-05	-3.10286e-05	-9.85076e-06	-8.29392e-06	-0.000151193	-3.44857e-05	-2.48891e-05	-8.29885e-06	-3.4156e-06	-7.98858e-05	-6.35299e-05	-3.92531e-05	-1.39103e-05	0.00300078	-5.43174e-05	1.5982e-06	-1.20944e-05	-3.53437e-06	0.000426852	0.000123418	-1.61241e-05	-2.65153e-05	-9.79381e-06	0	0	0	2.32453e-05	7.74404e-06	5.42834e-07	0	0	0	0	-0.000165071	-5.39509e-05	-2.92754e-05	0	0	0	0	-0.000136527	-5.65588e-05	-2.85376e-05	0	0	0	0	8.58362e-05	7.8884e-05	4.26999e-05	0	0	0	0	0	0	0	0	-0.00127772	0.000699274	-0.00012012	-6.51649e-05	-1.89514e-05	8.93981e-06	0.000755454	5.60941e-05	8.97457e-05	2.58635e-05	
22	0.0081232	0	-3.9159e-05	-1.89382e-05	-4.82883e-05	-1.11409e-05	0	-8.37048e-05	-4.18164e-05	-3.54608e-05	-1.08014e-05	0	-5.36939e-05	-9.42282e-05	-6.19589e-05	-2.17237e-05	0	0.00284512	2.37131e-06	-2.09093e-05	-6.81076e-06	0	0.000254839	0.00013305	-2.90545e-05	-1.20526e-05	0	0	0	-0.000273023	-6.05022e-06	1.61701e-05	0	0	0	0	-0.000583777	-6.79607e-05	-3.08653e-05	0	0	0	0	-0.000614419	-0.000110242	-4.90516e-05	0	0	0	0	-0.000265877	8.59107e-05	4.64122e-05	0	0	0	0	0	0	0	0	0	-0.00115601	0.000451455	-7.08526e-05	-2.65442e-05	0	6.15635e-06	0.000168595	0.000154809	3.76659e-05	
23	0.00783289	0	0	-3.11566e-05	-0.000137925	-1.67475e-05	0	0	-4.65856e-05	-0.000115681	-1.67768e-05	0	0	-8.52304e-05	-0.000154702	-3.24928e-05	0	0	0.00246154	-0.000108963	-1.31194e-05	0	0	0.000292431	-2.07536e-05	-1.84176e-05	0	0	0	-0.000489061	-0.000155141	3.20222e-05	0	0	0	0	-0.000842734	-0.000317582	-3.42676e-05	0	0	0	0	-0.00131773	-0.000365394	-6.84252e-05	0	0	0	0	0.00287455	-0.000139359	5.1377e-05	0	0	0	0	0	0	0	0	0	0	-0.00104819	0.00013007	-4.17678e-05	0	0	9.98115e-06	0.000739623	6.00697e-05	
24	0.0104232	0	0	0	-0.00021579	-0.000129176	0	0	0	-0.000179239	-0.000109629	0	0	0	-0.000248605	-0.000156623	0	0	0	0.00254296	-0.000124379	0	0	0	0.000270077	-6.69591e-05	0	0	0	0	-0.000765762	-7.09341e-05	0	0	0	0	0	-0.00124689	-0.0002143	0	0	0	0	0	-0.00201694	-0.000293659	0	0	0	0	0	0.00320612	-0.000123086	0	0	0	0	0	0	0	0	0	0	0	-0.000913459	-1.53348e-05	0	0	0	0.000609763	0.000698589	
25	0.00881117	0	0	0	0	-0.000295243	0	0	0	0	-0.000236008	0	0	0	0	-0.000324357	0	0	0	0	0.00250146	0	0	0	0	0.000202988	0	0	0	0	0	-0.00104224	0	0	0	0	0	0	-0.00141588	0	0	0	0	0	0	-0.00259169	0	0	0	0	0	0	0.00366781	0	0	0	0	0	0	0	0	0	0	0	0	-0.000894301	0	0	0	0	0.000797679	
26	0.0284579	0	0	0.00351715	0.00355029	0.00359019	0	0	0	0	0	0	0	0	0	0	0	0	0	0	0	0	0	0	0	0	0	0	0	0	0	0	0	0	0	0	0	0	0	0	0	0	0	0	0	0	0	0	0	0	0	0	0	0	0	0	0	0	0	0	0	0	0	0	0	0	0	0	0	0	0	
27	0.00926229	0	0	0	0	0	0	0	0	0	0	0	0	0	0	0	0	0	0	0	0	0	0	0	0	0	0	0	0	0.00442943	0.00416113	0.00521255	0	0	0	0	0	0	0	0	0	0	0	0	0	0	0	0	0	0	0	0	0	0	0	0	0	0	0	0	0	0	0	0	0	0	0	0	0	0	0	
28	0.0456384	0	0	0	0	0	0	0	0.00315959	0.00320824	0.00296266	0	0	0	0	0	0	0	0	0	0	0	0	0	0	0	0	0	0	0	0	0	0	0	0	0	0	0	0	0	0	0	0	0	0	0	0	0	0	0	0	0	0	0	0	0	0	0	0	0	0	0	0	0	0	0	0	0	0	0	0	
29	0.00861358	0	0	0	0	0	0	0	0	0	0	0	0	0	0	0	0	0	0	0	0	0	0	0	0	0	0	0	0	0	0	0	0	0	0	0	0.00302408	0.00309372	0.00176737	0	0	0	0	0	0	0	0	0	0	0	0	0	0	0	0	0	0	0	0	0	0	0	0	0	0	0	0	0	0	0	0	
30	0.0206445	0	0	0	0	0	0	0	0	0	0	0	0	0.00347746	0.00352689	0.0035058	0	0	0	0	0	0	0	0	0	0	0	0	0	0	0	0	0	0	0	0	0	0	0	0	0	0	0	0	0	0	0	0	0	0	0	0	0	0	0	0	0	0	0	0	0	0	0	0	0	0	0	0	0	0	0	
31	0.00594972	0	0	0	0	0	0	0	0	0	0	0	0	0	0	0	0	0	0	0	0	0	0	0	0	0	0	0	0	0	0	0	0	0	0	0	0	0	0	0	0	0	0	0.00470493	0.00448427	0.00463692	0	0	0	0	0	0	0	0	0	0	0	0	0	0	0	0	0	0	0	0	0	0	0	0	0	
32	0.0730221	0	0	0	0	0	0	0	0	0	0	0	0	0	0	0	0	0	0.00349303	0.00353764	0.00347627	0	0	0	0	0	0	0	0	0	0	0	0	0	0	0	0	0	0	0	0	0	0	0	0	0	0	0	0	0	0	0	0	0	0	0	0	0	0	0	0	0	0	0	0	0	0	0	0	0	0	
33	0.0128549	0	0	0	0	0	0	0	0	0	0	0	0	0	0	0	0	0	0	0	0	0	0	0	0	0	0	0	0	0	0	0	0	0	0	0	0	0	0	0	0	0	0	0	0	0	0	0	0	0	0.00274473	0.00262025	0.00248933	0	0	0	0	0	0	0	0	0	0	0	0	0	0	0	0	0	0	
34	3.8923	0	0	0.138439	0	0	0	0	0.124365	0	0	0	0	0.136877	0	0	0	0	0.13749	0	0	0	0	0.0955983	0	3.70074e-13	0	0	0	0	0	0	0	0	0	0	0	0	0	0	0	0	0	0	0	0	0	0	0	0	0	0	0	0	0	0	0	0	0	0	0	0	0	0	0	0	0	0	-0.790792	0	3.70074e-13	
35	0.0144862	0	0	0	0.00115103	0.00115097	0	0	0	0.00104013	0.00094979	0	0	0	0.00114344	0.00112391	0	0	0	0.00114693	0.00111445	0	0	0	0.000858288	0.000886167	0	0	0	0	0	0	0	0	0	0	0	0	0	0	0	0	0	0	0	0	0	0	0	0	0	0	0	0	0	0	0	0	0	0	0	0	0	0	0	0	0	0	0	-0.00666667	-0.00666667	

 ------ GRADIENTS FOR IPOPT -----------
VAR #	 OBJ 	CON1	CON2	CON3	CON4	CON5	CON6	CON7	CON8	CON9	CON10	CON11	CON12	CON13	CON14	CON15	CON16	CON17	CON18	CON19	CON20	CON21	CON22	CON23	CON24	CON25	CON26	CON27	CON28	CON29	CON30	CON31	CON32	CON33	CON34	CON35	CON36	CON37	CON38	CON39	CON40	CON41	CON42	CON43	CON44	CON45	CON46	CON47	CON48	CON49	CON50	CON51	CON52	CON53	CON54	CON55	CON56	CON57	CON58	CON59	CON60	CON61	CON62	CON63	CON64	CON65	CON66	CON67	CON68	CON69	CON70	
1	-0.019925	-1.9096e-05	-0.000243243	-4.32256e-05	-0.000166334	-0.000146396	-4.44319e-05	-0.000517924	-0.000114297	-6.784e-05	-7.86264e-05	-1.90789e-05	-0.000250028	-5.61606e-05	-4.911e-05	-7.93348e-05	-2.00443e-05	-0.000245678	-3.9202e-05	-4.91377e-05	-8.16806e-05	0.000580014	2.61073e-05	-0.000108353	-9.56408e-05	-0.000103142	0	0	0	0.000159286	-0.000145514	-0.000243739	0	0	0	0	-0.000360789	-5.84722e-05	8.05136e-05	0	0	0	0	8.13166e-05	9.21989e-05	6.84861e-05	0	0	0	0	0.000145879	9.98574e-05	4.48071e-05	0	0	0	0	0	0	0	0	0.00267225	0.000359697	-0.000475602	-0.000385174	-0.000197408	7.05008e-05	0.00212658	0.000153237	0.000113088	0.000274365	
2	-0.0124268	0	-0.000184634	-4.20194e-05	-0.000142458	-0.000120107	0	-0.000357037	-0.000111749	-5.49869e-05	-6.13164e-05	0	-0.000190974	-6.57011e-05	-4.04968e-05	-5.99126e-05	0	-0.000188775	-2.53084e-05	-3.00955e-05	-5.85682e-05	0	0.000322739	0.000129896	-6.27632e-05	-7.57659e-05	0	0	0	-0.000335938	-0.000139111	-0.00020422	0	0	0	0	-0.0010107	-7.42477e-05	5.49792e-05	0	0	0	0	-0.000384363	3.3435e-05	4.57902e-05	0	0	0	0	-0.000270802	9.33702e-05	5.16944e-05	0	0	0	0	0	0	0	0	0	0.00170119	0.000376932	-0.000282809	-0.000150182	0	0.00202697	0.000306329	9.57943e-05	0.000213059	
3	-0.0102962	0	0	-5.34754e-05	-0.000120869	-0.000101212	0	0	-0.000111957	-5.762e-05	-5.55563e-05	0	0	-6.7103e-05	-3.56196e-05	-5.07319e-05	0	0	-3.76808e-05	-1.7214e-05	-4.73654e-05	0	0	0.000384679	3.25986e-05	-6.48512e-05	0	0	0	-0.00117257	-0.000300961	-0.000160633	0	0	0	0	-0.00268144	-0.000445735	2.08854e-05	0	0	0	0	-0.000554281	-0.000165009	3.60317e-05	0	0	0	0	-0.000570636	-6.73917e-05	6.03065e-05	0	0	0	0	0	0	0	0	0	0	0.00150243	2.53079e-05	-0.000127738	0	0	0.000590542	0.000187854	0.000182422	
4	-0.0121418	0	0	0	-0.000164595	-0.000169141	0	0	0	-0.000107861	-0.000110114	0	0	0	-8.51483e-05	-9.6385e-05	0	0	0	-4.44192e-05	-8.00071e-05	0	0	0	0.000397835	-5.59514e-05	0	0	0	0	-0.00153341	-0.000354449	0	0	0	0	0	-0.0030528	-0.000233149	0	0	0	0	0	-0.000713127	-8.39484e-05	0	0	0	0	0	-0.000622082	3.2696e-05	0	0	0	0	0	0	0	0	0	0	0	0.00127381	-3.59482e-06	0	0	0	0.000842608	0.000561083	
5	-0.00682506	0	0	0	0	-0.000752531	0	0	0	0	-0.000624766	0	0	0	0	-0.00069866	0	0	0	0	-0.000641778	0	0	0	0	-0.000107787	0	0	0	0	0	-0.00187303	0	0	0	0	0	0	-0.00302665	0	0	0	0	0	0	-0.000778412	0	0	0	0	0	0	-0.000580412	0	0	0	0	0	0	0	0	0	0	0	0	0.00104957	0	0	0	0	0.004616	
6	0.0041998	0.00292694	-5.64939e-05	-6.12559e-06	7.87079e-05	7.47632e-05	-1.22461e-05	-0.000118375	-1.87258e-05	9.65228e-06	2.97754e-05	-6.02371e-06	-5.99377e-05	-1.8915e-05	1.0962e-05	3.5441e-05	-6.4476e-06	-5.76986e-05	-4.52475e-06	1.62777e-05	3.76713e-05	0.000364388	8.4838e-05	-6.54758e-06	1.94758e-05	4.42841e-05	0	0	0	5.05115e-05	0.000165192	0.000184094	0	0	0	0	-8.62126e-05	-6.73616e-05	-8.7838e-05	0	0	0	0	-3.49673e-05	-2.43155e-05	-3.05892e-05	0	0	0	0	9.24001e-06	1.72106e-07	-1.28364e-05	0	0	0	0	0	0	0	0	-0.000863461	0.00042079	-5.91024e-05	9.4776e-05	8.4716e-05	1.90429e-05	0.000591299	3.34711e-05	-3.51801e-05	-0.000124961	
7	0.0053242	0	0.00272642	-6.31335e-06	0.00013129	0.000117615	0	-0.000177723	-2.40078e-05	1.87806e-05	4.77114e-05	0	-0.000129994	-2.32818e-05	2.07552e-05	5.68693e-05	0	-0.000128033	-1.2172e-07	3.0555e-05	6.11749e-05	0	0.000176175	0.000101931	3.85773e-05	7.01078e-05	0	0	0	-0.000194535	0.000244444	0.00027341	0	0	0	0	-0.000430368	-0.000114205	-0.000135118	0	0	0	0	-0.000235109	-5.08034e-05	-4.86927e-05	0	0	0	0	-0.000174619	-3.56826e-06	-1.3597e-05	0	0	0	0	0	0	0	0	0	-0.00118745	0.000328975	0.000184864	0.000136264	0	0.000705996	0.000114117	-5.88591e-05	-0.000199911	
8	0.00539626	0	0	0.00243892	0.000176466	0.000148066	0	0	-0.000104886	2.23745e-05	5.9835e-05	0	0	-9.79748e-05	2.9051e-05	7.16699e-05	0	0	-8.06088e-05	4.41882e-05	7.76612e-05	0	0	0.000221044	0.000102041	8.76119e-05	0	0	0	0.00370891	0.00018588	0.000339455	0	0	0	0	-0.0011819	-0.000350863	-0.000172	0	0	0	0	-0.000292308	-0.00016648	-6.22829e-05	0	0	0	0	-0.000309976	-9.58701e-05	-1.218e-05	0	0	0	0	0	0	0	0	0	0	-0.00143483	0.000410052	0.00017206	0	0	0.000257226	-2.03573e-05	-0.000252066	
9	0.00651539	0	0	0	0.0027921	0.000255702	0	0	0	-0.00011853	8.53414e-05	0	0	0	-0.00011946	0.000109912	0	0	0	-8.99944e-05	0.000127161	0	0	0	0.000278973	0.000180423	0	0	0	0	0.0044548	0.000523807	0	0	0	0	0	-0.00176283	-0.000497939	0	0	0	0	0	-0.000467566	-0.00019956	0	0	0	0	0	-0.000413591	-6.72398e-05	0	0	0	0	0	0	0	0	0	0	0	-0.00102678	0.000436806	0	0	0	0.000206637	-0.000237464	
10	0.00682686	0	0	0	0	0.00287193	0	0	0	0	-0.00019593	0	0	0	0	-0.00021237	0	0	0	0	-0.000169827	0	0	0	0	0.000282439	0	0	0	0	0	0.00567438	0	0	0	0	0	0	-0.00240089	0	0	0	0	0	0	-0.000667789	0	0	0	0	0	0	-0.00050131	0	0	0	0	0	0	0	0	0	0	0	0	-0.000696127	0	0	0	0	0.000570724	
11	-0.00577014	1.1834e-05	0.000131172	2.46069e-05	-5.36879e-05	-3.82495e-05	0.00276729	0.000288893	7.39859e-05	2.69202e-05	7.29542e-06	1.21095e-05	0.000128193	8.65061e-06	5.06801e-06	-9.19721e-07	1.18321e-05	0.000126446	3.31886e-05	1.67864e-05	3.20365e-06	0.000307722	0.000290577	0.000114495	4.50327e-05	7.54353e-06	0	0	0	-0.000244314	-0.000237508	-0.000204574	0	0	0	0	0.000217356	0.000188374	0.000133023	0	0	0	0	-0.000189002	-8.31825e-05	-2.36149e-05	0	0	0	0	-0.000132011	-3.06137e-05	4.56712e-06	0	0	0	0	0	0	0	0	-0.000838732	0.0010758	0.000422109	8.72754e-05	3.04735e-06	-4.3884e-05	-0.000779611	-7.62232e-05	-1.18925e-05	1.3422e-05	
12	-0.00765226	0	0.000169101	2.97282e-05	-8.87267e-05	-6.13786e-05	0	0.00300999	9.23455e-05	2.95054e-05	3.4636e-06	0	0.000166877	9.71193e-06	2.50083e-06	-6.92419e-06	0	0.00016351	4.64198e-05	1.94946e-05	-1.20131e-06	0	0.000419671	0.00026615	5.25883e-05	1.38854e-06	0	0	0	-0.000583841	-0.000332094	-0.000280157	0	0	0	0	-0.000151311	0.000217015	0.000167365	0	0	0	0	-0.000458818	-0.000109239	-2.37852e-05	0	0	0	0	-0.000380498	-2.90896e-05	1.66286e-05	0	0	0	0	0	0	0	0	0	-0.000209651	0.000997431	9.15442e-05	-1.11641e-05	0	-0.00147048	-4.04141e-06	-1.19406e-06	3.79787e-05	
13	-0.0064969	0	0	8.09826e-05	-8.66485e-05	-6.35804e-05	0	0	0.00247771	3.92225e-05	6.87198e-06	0	0	6.88936e-05	9.24346e-06	-4.12641e-06	0	0	9.51486e-05	3.41039e-05	3.31558e-06	0	0	0.000456403	0.000147741	5.07692e-06	0	0	0	-0.00119275	-0.000555434	-0.000310955	0	0	0	0	0.00327942	-7.53564e-05	0.000178002	0	0	0	0	-0.000507754	-0.000295413	-3.00195e-05	0	0	0	0	-0.000528797	-0.000181051	2.56371e-05	0	0	0	0	0	0	0	0	0	0	0.000287377	0.0003987	-3.16465e-06	0	0	-0.000447737	7.8079e-05	3.12582e-05	
14	-0.00966785	0	0	0	6.50102e-07	-0.000132782	0	0	0	0.00264847	-4.28832e-06	0	0	0	0.000113791	-2.79802e-05	0	0	0	0.000163091	-8.48837e-07	0	0	0	0.000680437	7.37318e-05	0	0	0	0	-0.00212936	-0.000757261	0	0	0	0	0	0.00389613	8.56509e-06	0	0	0	0	0	-0.00090428	-0.0002431	0	0	0	0	0	-0.000795392	-4.92533e-05	0	0	0	0	0	0	0	0	0	0	0	0.000689292	0.000271921	0	0	0	-0.000434014	0.000415894	
15	-0.00874738	0	0	0	0	0.000395084	0	0	0	0	0.0028807	0	0	0	0	0.000483162	0	0	0	0	0.000538241	0	0	0	0	0.00108059	0	0	0	0	0	-0.00322068	0	0	0	0	0	0	0.00478339	0	0	0	0	0	0	-0.00121505	0	0	0	0	0	0	-0.000912125	0	0	0	0	0	0	0	0	0	0	0	0	0.000802556	0	0	0	0	-0.00204253	
16	0.00688946	-5.30981e-06	-7.70902e-05	-5.17154e-06	-1.11732e-05	-5.63552e-06	-8.96825e-06	-0.000125694	-1.67306e-05	-4.29661e-06	-2.14128e-06	0.00299369	-7.15573e-05	3.56587e-05	2.36027e-05	1.02034e-05	-7.66465e-06	-0.000120294	-2.05114e-05	-6.48581e-06	-4.05706e-06	0.000191588	5.60022e-05	-1.29041e-05	-6.80903e-06	-3.21626e-06	0	0	0	1.92134e-05	-9.99509e-06	-1.63358e-05	0	0	0	0	-7.6341e-05	-3.08311e-05	-1.61364e-05	0	0	0	0	0.00013159	0.000113797	7.50214e-05	0	0	0	0	-6.39563e-05	-3.10893e-05	-2.23151e-05	0	0	0	0	0	0	0	0	-0.000895796	0.000377459	-3.91533e-05	-1.24477e-05	-2.88681e-06	1.67254e-05	0.000750296	2.19422e-05	2.16949e-06	4.01647e-06	
17	0.00736004	0	-0.000118481	-2.63858e-06	-1.01084e-05	7.65064e-07	0	-0.000139956	-1.6857e-05	-1.77548e-06	2.25273e-06	0	0.00278639	9.39134e-05	5.18148e-05	2.50947e-05	0	-0.000167457	-3.4479e-05	-8.63222e-06	-1.75094e-06	0	5.14463e-05	8.56704e-05	9.51345e-07	2.68348e-06	0	0	0	-0.000159664	-1.94316e-05	-1.16064e-05	0	0	0	0	-0.000350844	-4.84124e-05	-2.41155e-05	0	0	0	0	-5.033e-05	0.000194652	0.000126128	0	0	0	0	-0.000420087	-8.51921e-05	-5.09671e-05	0	0	0	0	0	0	0	0	0	-0.00117034	0.000426316	2.24182e-05	1.00416e-05	0	0.000643555	9.38527e-05	-1.97737e-06	-1.37753e-05	
18	0.00668212	0	0	-5.79068e-05	-1.43748e-05	2.15166e-06	0	0	-6.28067e-05	-6.33744e-06	3.0707e-06	0	0	0.00257524	6.30052e-05	3.48688e-05	0	0	-0.000105319	-1.98979e-05	-3.47355e-06	0	0	0.000105213	4.16444e-05	3.74012e-06	0	0	0	-0.000243608	-0.000105296	-9.10812e-06	0	0	0	0	-0.000460275	-0.000203148	-2.87216e-05	0	0	0	0	0.00367561	8.25518e-05	0.000173642	0	0	0	0	-0.000990167	-0.00027807	-7.70205e-05	0	0	0	0	0	0	0	0	0	0	-0.00108578	0.000176964	1.30088e-05	0	0	0.00013696	6.85431e-05	-1.94944e-05	
19	0.00883109	0	0	0	-0.000114901	-5.55915e-05	0	0	0	-9.38366e-05	-4.59107e-05	0	0	0	0.00281864	6.16345e-06	0	0	0	-0.000155155	-7.13889e-05	0	0	0	0.000117117	-1.45907e-05	0	0	0	0	-0.000392404	-8.06504e-05	0	0	0	0	0	-0.000691834	-0.000149854	0	0	0	0	0	0.00431227	0.000184337	0	0	0	0	0	-0.00146297	-0.000282978	0	0	0	0	0	0	0	0	0	0	0	-0.000896254	7.85521e-05	0	0	0	0.000175724	0.000322674	
20	0.00781812	0	0	0	0	-0.000278328	0	0	0	0	-0.000234487	0	0	0	0	0.00274593	0	0	0	0	-0.000324913	0	0	0	0	-4.09813e-06	0	0	0	0	0	-0.000543425	0	0	0	0	0	0	-0.000803115	0	0	0	0	0	0	0.00515688	0	0	0	0	0	0	-0.0019012	0	0	0	0	0	0	0	0	0	0	0	0	-0.000786434	0	0	0	0	0.000811559	
21	0.00943831	-5.06397e-06	-6.74915e-05	-1.55979e-05	-1.74921e-05	-1.02602e-05	-1.18404e-05	-0.000153594	-3.59409e-05	-1.29073e-05	-8.87347e-06	-5.27029e-06	-7.96441e-05	-6.63633e-05	-2.67395e-05	-1.44327e-05	0.00304942	-5.4573e-05	-4.97542e-07	8.7275e-07	-4.00759e-06	0.000429404	0.000124049	-1.76119e-05	-1.69064e-05	-1.03055e-05	0	0	0	2.23507e-05	6.58554e-06	3.37805e-06	0	0	0	0	-0.000164335	-5.62456e-05	-3.11092e-05	0	0	0	0	-0.00012915	-5.30769e-05	-2.60826e-05	0	0	0	0	9.00474e-05	8.41316e-05	4.40485e-05	0	0	0	0	0	0	0	0	-0.00128875	0.000701657	-0.000119166	-6.46926e-05	-1.96539e-05	1.48337e-05	0.00076442	6.88285e-05	1.86826e-05	2.68748e-05	
22	0.0079057	0	-3.83721e-05	-2.11548e-05	-2.5235e-05	-1.14056e-05	0	-8.24519e-05	-4.3938e-05	-1.59882e-05	-1.1732e-05	0	-5.23443e-05	-9.73724e-05	-4.11018e-05	-2.23541e-05	0	0.00281122	-9.98584e-08	-6.34207e-07	-7.90632e-06	0	0.000256379	0.000131939	-1.40706e-05	-1.28887e-05	0	0	0	-0.000261927	-3.93653e-06	1.92287e-05	0	0	0	0	-0.000586918	-6.88787e-05	-3.14642e-05	0	0	0	0	-0.000579416	-0.000100994	-4.36252e-05	0	0	0	0	-0.000281281	8.81303e-05	4.55974e-05	0	0	0	0	0	0	0	0	0	-0.00113389	0.000450029	-7.42825e-05	-2.78083e-05	0	-1.2742e-05	0.000207687	3.29305e-05	3.89834e-05	
23	0.00751575	0	0	-3.67018e-05	-4.08471e-05	-1.86176e-05	0	0	-5.24804e-05	-2.81673e-05	-1.8468e-05	0	0	-9.25932e-05	-6.01072e-05	-3.4267e-05	0	0	0.00264883	-1.35558e-05	-1.45795e-05	0	0	0.000296788	4.90209e-05	-2.03735e-05	0	0	0	-0.000480023	-0.000150718	2.9357e-05	0	0	0	0	-0.000867219	-0.000324171	-3.41189e-05	0	0	0	0	-0.00126311	-0.000346594	-6.35746e-05	0	0	0	0	0.00305571	-0.000145275	5.41651e-05	0	0	0	0	0	0	0	0	0	0	-0.00105	0.000124997	-4.42389e-05	0	0	1.37274e-05	0.00015497	6.33052e-05	
24	0.0104359	0	0	0	-0.000127527	-0.000139662	0	0	0	-9.81395e-05	-0.000121933	0	0	0	-0.000163383	-0.000168994	0	0	0	0.00281823	-0.000133433	0	0	0	0.000335043	-7.61154e-05	0	0	0	0	-0.000747853	-6.9116e-05	0	0	0	0	0	-0.00129363	-0.000222231	0	0	0	0	0	-0.00193741	-0.000282245	0	0	0	0	0	0.00342614	-0.000122969	0	0	0	0	0	0	0	0	0	0	0	-0.000943824	-1.85116e-05	0	0	0	0.000136705	0.00070272	
25	0.00891892	0	0	0	0	-0.000306571	0	0	0	0	-0.000255512	0	0	0	0	-0.000341254	0	0	0	0	0.0026354	0	0	0	0	0.000197568	0	0	0	0	0	-0.00100078	0	0	0	0	0	0	-0.00146431	0	0	0	0	0	0	-0.00248676	0	0	0	0	0	0	0.00390547	0	0	0	0	0	0	0	0	0	0	0	0	-0.000904559	0	0	0	0	0.000817384	
26	0.0230279	0	0	0.00352637	0.00359054	0.00358467	0	0	0	0	0	0	0	0	0	0	0	0	0	0	0	0	0	0	0	0	0	0	0	0	0	0	0	0	0	0	0	0	0	0	0	0	0	0	0	0	0	0	0	0	0	0	0	0	0	0	0	0	0	0	0	0	0	0	0	0	0	0	0	0	0	
27	0.00666059	0	0	0	0	0	0	0	0	0	0	0	0	0	0	0	0	0	0	0	0	0	0	0	0	0	0	0	0	0.00411183	0.00403062	0.00456478	0	0	0	0	0	0	0	0	0	0	0	0	0	0	0	0	0	0	0	0	0	0	0	0	0	0	0	0	0	0	0	0	0	0	0	0	0	0	0	
28	0.0306997	0	0	0	0	0	0	0	0.00320641	0.00322617	0.00309146	0	0	0	0	0	0	0	0	0	0	0	0	0	0	0	0	0	0	0	0	0	0	0	0	0	0	0	0	0	0	0	0	0	0	0	0	0	0	0	0	0	0	0	0	0	0	0	0	0	0	0	0	0	0	0	0	0	0	0	0	
29	0.005178	0	0	0	0	0	0	0	0	0	0	0	0	0	0	0	0	0	0	0	0	0	0	0	0	0	0	0	0	0	0	0	0	0	0	0	0.00318556	0.00329531	0.00231028	0	0	0	0	0	0	0	0	0	0	0	0	0	0	0	0	0	0	0	0	0	0	0	0	0	0	0	0	0	0	0	0	
30	0.0242724	0	0	0	0	0	0	0	0	0	0	0	0	0.00353673	0.00363099	0.00357237	0	0	0	0	0	0	0	0	0	0	0	0	0	0	0	0	0	0	0	0	0	0	0	0	0	0	0	0	0	0	0	0	0	0	0	0	0	0	0	0	0	0	0	0	0	0	0	0	0	0	0	0	0	0	0	
31	0.00681878	0	0	0	0	0	0	0	0	0	0	0	0	0	0	0	0	0	0	0	0	0	0	0	0	0	0	0	0	0	0	0	0	0	0	0	0	0	0	0	0	0	0	0.00434175	0.00429565	0.00430673	0	0	0	0	0	0	0	0	0	0	0	0	0	0	0	0	0	0	0	0	0	0	0	0	0	
32	0.0411653	0	0	0	0	0	0	0	0	0	0	0	0	0	0	0	0	0	0.00351679	0.0035923	0.00349621	0	0	0	0	0	0	0	0	0	0	0	0	0	0	0	0	0	0	0	0	0	0	0	0	0	0	0	0	0	0	0	0	0	0	0	0	0	0	0	0	0	0	0	0	0	0	0	0	0	0	
33	0.00653512	0	0	0	0	0	0	0	0	0	0	0	0	0	0	0	0	0	0	0	0	0	0	0	0	0	0	0	0	0	0	0	0	0	0	0	0	0	0	0	0	0	0	0	0	0	0	0	0	0	0.00305132	0.00294737	0.00269911	0	0	0	0	0	0	0	0	0	0	0	0	0	0	0	0	0	0	
34	1.54346	0	0	0.133651	0.210444	0	0	0	0.121525	0.189088	0	0	0	0.134044	0.212815	0	0	0	0.133288	0.210547	0	0	0	0.0928664	0.155753	0	0	0	0	0	0	0	0	0	0	0	0	0	0	0	0	0	0	0	0	0	0	0	0	0	0	0	0	0	0	0	0	0	0	0	0	0	0	0	0	0	0	0	-0.801458	-1.11518	0	
35	0.0246392	0	0	0	0	0.00122949	0	0	0	0	0.00106033	0	0	0	0	0.00122527	0	0	0	0	0.00119915	0	0	0	0	0.000960908	0	0	0	0	0	0	0	0	0	0	0	0	0	0	0	0	0	0	0	0	0	0	0	0	0	0	0	0	0	0	0	0	0	0	0	0	0	0	0	0	0	0	0	0	-0.00666667	
