i1
p1

STEP  1
+0.000000e+00 +0.000000e+00 +1.000000e+00 +7.290824e+09 -2.393085e-01 +0.000000e+00 +0.000000e+00 +0.000000e+00 +0.000000e+00 +0.000000e+00 +0.000000e+00 +1.738802e+09 -1.862017e-01 +0.000000e+00 -3.085541e-03 +0.000000e+00 
+0.000000e+00 +0.000000e+00 +0.000000e+00 +4.050765e-01 +1.111832e-10 +0.000000e+00 +0.000000e+00 +1.000000e+00 +0.000000e+00 +0.000000e+00 +0.000000e+00 +3.591435e-01 -2.843922e-11 +0.000000e+00 -6.167243e-14 +0.000000e+00 

STEP  2
+0.000000e+00 +0.000000e+00 +0.000000e+00 +0.000000e+00 +0.000000e+00 +0.000000e+00 +0.000000e+00 +0.000000e+00 +0.000000e+00 +0.000000e+00 +1.000000e+00 +6.097966e+09 -2.104048e-01 +0.000000e+00 -2.690852e-03 +0.000000e+00 
+0.000000e+00 +0.000000e+00 +0.000000e+00 +0.000000e+00 +0.000000e+00 +0.000000e+00 +0.000000e+00 +0.000000e+00 +0.000000e+00 +0.000000e+00 +0.000000e+00 +3.656432e-01 +1.088876e-10 +0.000000e+00 +2.917643e-13 +1.000000e+00 

