i1
p1

STEP  1
+0.000000e+00 +0.000000e+00 +1.000000e+00 +6.791947e+09 -2.674177e-01 +0.000000e+00 -1.870966e-02 +0.000000e+00 +0.000000e+00 +0.000000e+00 +0.000000e+00 +1.107643e+09 -3.319432e-02 +0.000000e+00 -2.183312e-01 +0.000000e+00 
+0.000000e+00 +0.000000e+00 +0.000000e+00 +4.748859e-01 +1.076621e-10 +0.000000e+00 +1.078535e-12 +1.000000e+00 +0.000000e+00 +0.000000e+00 +0.000000e+00 +3.263666e-01 -2.544030e-11 +0.000000e+00 -4.065239e-12 +0.000000e+00 

STEP  2
+0.000000e+00 +0.000000e+00 +0.000000e+00 +0.000000e+00 +0.000000e+00 +0.000000e+00 +0.000000e+00 +0.000000e+00 +0.000000e+00 +0.000000e+00 +1.000000e+00 +5.345047e+09 -1.505254e-01 +0.000000e+00 -1.861867e-01 +0.000000e+00 
+0.000000e+00 +0.000000e+00 +0.000000e+00 +0.000000e+00 +0.000000e+00 +0.000000e+00 +0.000000e+00 +0.000000e+00 +0.000000e+00 +0.000000e+00 +0.000000e+00 +4.233720e-01 +8.880866e-11 +0.000000e+00 +1.810141e-11 +1.000000e+00 

