i1
p1

STEP  1
+0.000000e+00 +0.000000e+00 +1.000000e+00 +7.191563e+09 -2.502913e-01 +0.000000e+00 -1.086387e-03 +0.000000e+00 +0.000000e+00 +0.000000e+00 +0.000000e+00 +1.654717e+09 -1.538132e-01 +0.000000e+00 -2.885747e-02 +0.000000e+00 
+0.000000e+00 +0.000000e+00 +0.000000e+00 +4.227973e-01 +1.131210e-10 +0.000000e+00 +7.780137e-14 +1.000000e+00 +0.000000e+00 +0.000000e+00 +0.000000e+00 +3.597388e-01 -2.840007e-11 +0.000000e+00 -7.429734e-13 +0.000000e+00 

STEP  2
+0.000000e+00 +0.000000e+00 +0.000000e+00 +0.000000e+00 +0.000000e+00 +0.000000e+00 +0.000000e+00 +0.000000e+00 +0.000000e+00 +0.000000e+00 +1.000000e+00 +5.992433e+09 -1.963898e-01 +0.000000e+00 -2.433889e-02 +0.000000e+00 
+0.000000e+00 +0.000000e+00 +0.000000e+00 +0.000000e+00 +0.000000e+00 +0.000000e+00 +0.000000e+00 +0.000000e+00 +0.000000e+00 +0.000000e+00 +0.000000e+00 +3.772170e-01 +1.068148e-10 +0.000000e+00 +2.355097e-12 +1.000000e+00 

